 Sample   Time     Commanded Pos   Encoder 1 Pos   Encoder 2 Pos   Encoder 3 Pos   Control Effort

[    0    0.000             -14             -14             -15             -15          0.0000;
     1    0.009             -13             -13             -15             -15          0.5000;
     2    0.018             -11              -9             -15             -15          0.5000;
     3    0.027              -6              -3             -15             -15          0.5000;
     4    0.035               3               7             -15             -15          0.5000;
     5    0.044              15              20             -14             -15          0.5000;
     6    0.053              29              35             -13             -14          0.5000;
     7    0.062              45              52             -12             -13          0.5000;
     8    0.071              62              70             -10             -12          0.5000;
     9    0.080              81              89              -8             -11          0.5000;
    10    0.089             100             107              -6              -9          0.5000;
    11    0.097             119             126              -4              -7          0.5000;
    12    0.106             137             145              -1              -6          0.5000;
    13    0.115             155             162               1              -3          0.5000;
    14    0.124             172             178               4              -1          0.5000;
    15    0.133             187             193               7               1          0.5000;
    16    0.142             201             206              10               5          0.5000;
    17    0.151             212             216              13               7          0.5000;
    18    0.159             222             225              16              10          0.5000;
    19    0.168             228             230              18              12          0.5000;
    20    0.177             233             233              19              13          0.5000;
    21    0.186             234             234              19              13          0.5000;
    22    0.195             233             232              17              12          0.5000;
    23    0.204             230             228              14              10          0.5000;
    24    0.213             225             222              11               8          0.5000;
    25    0.221             217             214               9               6          0.5000;
    26    0.230             209             205               7               4          0.5000;
    27    0.239             199             195               5               3          0.5000;
    28    0.248             189             184               3               1          0.5000;
    29    0.257             178             173               2               0          0.5000;
    30    0.266             167             162               1              -0          0.5000;
    31    0.274             156             152               0              -1          0.5000;
    32    0.283             146             142              -1              -2          0.5000;
    33    0.292             137             133              -1              -3          0.5000;
    34    0.301             129             125              -2              -3          0.5000;
    35    0.310             121             119              -2              -3          0.5000;
    36    0.319             115             113              -2              -3          0.5000;
    37    0.328             111             110              -1              -3          0.5000;
    38    0.336             108             107              -1              -3          0.5000;
    39    0.345             107             107              -1              -2          0.5000;
    40    0.354             108             108               0              -2          0.5000;
    41    0.363             110             111               1              -1          0.5000;
    42    0.372             113             115               2              -0          0.5000;
    43    0.381             118             119               3               0          0.5000;
    44    0.390             123             125               4               1          0.5000;
    45    0.398             129             131               5               1          0.5000;
    46    0.407             135             137               7               2          0.5000;
    47    0.416             141             143               8               4          0.5000;
    48    0.425             147             149               9               5          0.5000;
    49    0.434             153             155              11               5          0.5000;
    50    0.443             158             160              12               7          0.5000;
    51    0.452             163             165              13               8          0.5000;
    52    0.460             167             169              15               9          0.5000;
    53    0.469             171             172              16              10          0.5000;
    54    0.478             174             175              16              11          0.5000;
    55    0.487             176             177              17              11          0.5000;
    56    0.496             177             178              18              12          0.5000;
    57    0.505             178             178              19              13          0.5000;
    58    0.514             177             177              19              13          0.5000;
    59    0.522             176             176              19              13          0.5000;
    60    0.531             175             174              19              13          0.5000;
    61    0.540             173             172              19              13          0.5000;
    62    0.549             171             170              19              13          0.5000;
    63    0.558             168             167              19              13          0.5000;
    64    0.567             166             165              19              13          0.5000;
    65    0.576             164             163              18              13          0.5000;
    66    0.584             163             162              18              13          0.5000;
    67    0.593             161             161              18              12          0.5000;
    68    0.602             161             160              17              12          0.5000;
    69    0.611             160             160              16              12          0.5000;
    70    0.620             160             160              16              12          0.5000;
    71    0.629             161             161              16              12          0.5000;
    72    0.638             161             162              16              12          0.5000;
    73    0.646             162             163              18              12          0.5000;
    74    0.655             164             164              18              13          0.5000;
    75    0.664             165             165              18              13          0.5000;
    76    0.673             166             167              19              13          0.5000;
    77    0.682             167             167              19              13          0.5000;
    78    0.691             168             169              19              13          0.5000;
    79    0.699             169             169              19              13          0.5000;
    80    0.708             169             169              19              13          0.5000;
    81    0.717             169             169              19              13          0.5000;
    82    0.726             169             169              19              13          0.5000;
    83    0.735             169             168              19              13          0.5000;
    84    0.744             168             167              19              13          0.5000;
    85    0.753             167             167              20              13          0.5000;
    86    0.761             166             166              20              13          0.5000;
    87    0.770             166             165              20              13          0.5000;
    88    0.779             165             165              20              13          0.5000;
    89    0.788             165             165              20              14          0.5000;
    90    0.797             165             165              20              14          0.5000;
    91    0.806             165             165              20              14          0.5000;
    92    0.815             165             165              20              14          0.5000;
    93    0.823             166             166              20              14          0.5000;
    94    0.832             166             166              19              14          0.5000;
    95    0.841             167             167              19              14          0.5000;
    96    0.850             167             167              19              14          0.5000;
    97    0.859             167             168              19              14          0.5000;
    98    0.868             168             168              19              14          0.5000;
    99    0.877             168             168              19              14          0.5000;
   100    0.885             168             168              20              14          0.5000;
   101    0.894             167             167              20              14          0.5000;
   102    0.903             167             167              20              14          0.5000;
   103    0.912             167             167              20              14          0.5000;
   104    0.921             167             166              20              14          0.5000;
   105    0.930             166             166              20              14          0.5000;
   106    0.939             166             166              20              14          0.5000;
   107    0.947             166             166              20              14          0.5000;
   108    0.956             166             166              20              14          0.5000;
   109    0.965             166             166              22              15          0.5000;
   110    0.974             166             166              22              16          0.5000;
   111    0.983             166             167              23              16          0.5000;
   112    0.992             167             167              23              17          0.5000;
   113    1.001             167             168              24              17          0.5000;
   114    1.009             168             168              24              17          0.5000;
   115    1.018             169             169              24              17          0.5000;
   116    1.027             169             169              24              18          0.5000;
   117    1.036             169             169              25              18          0.5000;
   118    1.045             169             169              25              18          0.5000;
   119    1.054             169             169              25              18          0.5000;
   120    1.063             169             169              25              18          0.5000;
   121    1.071             169             169              25              18          0.5000;
   122    1.080             169             169              25              18          0.5000;
   123    1.089             168             168              25              18          0.5000;
   124    1.098             168             168              25              18          0.5000;
   125    1.107             168             167              25              18          0.5000;
   126    1.116             167             167              25              19          0.5000;
   127    1.124             167             167              25              18          0.5000;
   128    1.133             167             167              24              18          0.5000;
   129    1.142             167             167              24              18          0.5000;
   130    1.151             168             168              24              18          0.5000;
   131    1.160             168             168              23              17          0.5000;
   132    1.169             168             168              22              17          0.5000;
   133    1.178             168             168              22              17          0.5000;
   134    1.186             168             168              22              16          0.5000;
   135    1.195             168             168              21              16          0.5000;
   136    1.204             168             168              21              16          0.5000;
   137    1.213             168             168              21              16          0.5000;
   138    1.222             168             168              20              16          0.5000;
   139    1.231             167             167              20              16          0.5000;
   140    1.240             167             167              20              15          0.5000;
   141    1.248             167             167              20              15          0.5000;
   142    1.257             167             167              22              17          0.5000;
   143    1.266             167             167              22              17          0.5000;
   144    1.275             167             167              22              17          0.5000;
   145    1.284             167             167              22              17          0.5000;
   146    1.293             167             167              23              17          0.5000;
   147    1.302             167             167              23              17          0.5000;
   148    1.310             168             168              23              17          0.5000;
   149    1.319             168             168              24              17          0.5000;
   150    1.328             169             169              25              18          0.5000;
   151    1.337             169             169              26              19          0.5000;
   152    1.346             169             169              27              20          0.5000;
   153    1.355             169             169              27              20          0.5000;
   154    1.364             169             169              27              21          0.5000;
   155    1.372             169             169              28              21          0.5000;
   156    1.381             169             169              28              21          0.5000;
   157    1.390             169             169              28              21          0.5000;
   158    1.399             169             169              28              21          0.5000;
   159    1.408             169             169              28              22          0.5000;
   160    1.417             169             169              29              22          0.5000;
   161    1.426             169             169              29              22          0.5000;
   162    1.434             169             169              29              22          0.5000;
   163    1.443             169             169              29              22          0.5000;
   164    1.452             169             169              29              22          0.5000;
   165    1.461             169             169              29              22          0.5000;
   166    1.470             169             169              29              22          0.5000;
   167    1.479             169             169              29              22          0.5000;
   168    1.488             169             169              29              22          0.5000;
   169    1.496             170             170              29              23          0.5000;
   170    1.505             170             170              29              22          0.5000;
   171    1.514             170             170              29              22          0.5000;
   172    1.523             170             170              29              22          0.5000;
   173    1.532             170             170              29              22          0.5000;
   174    1.541             170             170              29              22          0.5000;
   175    1.549             169             169              29              22          0.5000;
   176    1.558             169             169              29              22          0.5000;
   177    1.567             169             169              29              22          0.5000;
   178    1.576             169             169              29              22          0.5000;
   179    1.585             169             169              28              22          0.5000;
   180    1.594             169             169              28              22          0.5000;
   181    1.603             169             169              28              22          0.5000;
   182    1.611             169             169              28              22          0.5000;
   183    1.620             169             169              28              22          0.5000;
   184    1.629             169             169              28              22          0.5000;
   185    1.638             169             169              28              22          0.5000;
   186    1.647             169             169              28              22          0.5000;
   187    1.656             169             169              28              22          0.5000;
   188    1.665             169             169              28              22          0.5000;
   189    1.673             169             169              28              22          0.5000;
   190    1.682             169             169              28              22          0.5000;
   191    1.691             169             169              28              22          0.5000;
   192    1.700             169             169              29              22          0.5000;
   193    1.709             169             169              29              22          0.5000;
   194    1.718             169             169              29              23          0.5000;
   195    1.727             169             169              29              23          0.5000;
   196    1.735             170             170              30              23          0.5000;
   197    1.744             170             170              30              23          0.5000;
   198    1.753             170             170              31              24          0.5000;
   199    1.762             170             170              31              24          0.5000;
   200    1.771             170             170              31              24          0.5000;
   201    1.780             170             170              31              24          0.5000;
   202    1.789             170             170              31              24          0.5000;
   203    1.797             170             170              31              24          0.5000;
   204    1.806             170             170              31              24          0.5000;
   205    1.815             170             170              31              24          0.5000;
   206    1.824             171             171              31              24          0.5000;
   207    1.833             170             170              31              24          0.5000;
   208    1.842             170             170              31              24          0.5000;
   209    1.851             170             170              31              24          0.5000;
   210    1.859             170             170              31              24          0.5000;
   211    1.868             170             170              30              24          0.5000;
   212    1.877             170             170              30              24          0.5000;
   213    1.886             170             170              30              24          0.5000;
   214    1.895             170             170              30              24          0.5000;
   215    1.904             170             170              29              23          0.5000;
   216    1.913             170             170              29              23          0.5000;
   217    1.921             170             170              28              23          0.5000;
   218    1.930             170             170              28              23          0.5000;
   219    1.939             170             170              28              23          0.5000;
   220    1.948             170             170              28              23          0.5000;
   221    1.957             170             170              28              23          0.5000;
   222    1.966             170             170              28              23          0.5000;
   223    1.974             170             170              28              22          0.5000;
   224    1.983             170             170              28              22          0.5000;
   225    1.992             170             170              27              22          0.5000;
   226    2.001             170             170              27              22          0.5000;
   227    2.010             170             170              26              21          0.5000;
   228    2.019             170             170              26              21          0.5000;
   229    2.028             170             170              28              21          0.5000;
   230    2.036             170             170              28              21          0.5000;
   231    2.045             170             170              28              21          0.5000;
   232    2.054             170             170              28              21          0.5000;
   233    2.063             170             170              28              21          0.5000;
   234    2.072             170             170              28              21          0.5000;
   235    2.081             170             170              28              21          0.5000;
   236    2.090             170             170              28              21          0.5000;
   237    2.098             170             170              28              21          0.5000;
   238    2.107             170             170              28              21          0.5000;
   239    2.116             170             170              28              21          0.5000;
   240    2.125             170             170              28              23          0.5000;
   241    2.134             170             170              28              23          0.5000;
   242    2.143             170             170              28              23          0.5000;
   243    2.152             170             170              28              23          0.5000;
   244    2.160             170             170              28              23          0.5000;
   245    2.169             170             170              28              23          0.5000;
   246    2.178             170             170              29              23          0.5000;
   247    2.187             170             170              29              23          0.5000;
   248    2.196             170             170              29              23          0.5000;
   249    2.205             170             170              30              23          0.5000;
   250    2.214             170             170              30              23          0.5000;
   251    2.222             170             170              30              23          0.5000;
   252    2.231             170             170              30              23          0.5000;
   253    2.240             170             170              30              23          0.5000;
   254    2.249             170             170              30              23          0.5000;
   255    2.258             170             170              30              24          0.5000;
   256    2.267             170             170              30              24          0.5000;
   257    2.276             170             170              30              24          0.5000;
   258    2.284             170             170              30              24          0.5000;
   259    2.293             170             170              30              23          0.5000;
   260    2.302             170             170              30              23          0.5000;
   261    2.311             170             170              30              24          0.5000;
   262    2.320             170             170              30              24          0.5000;
   263    2.329             170             170              30              24          0.5000;
   264    2.338             170             170              30              24          0.5000;
   265    2.346             170             170              30              24          0.5000;
   266    2.355             170             170              30              24          0.5000;
   267    2.364             170             170              30              24          0.5000;
   268    2.373             170             170              30              24          0.5000;
   269    2.382             171             171              30              24          0.5000;
   270    2.391             171             171              30              24          0.5000;
   271    2.399             171             171              30              24          0.5000;
   272    2.408             171             171              30              24          0.5000;
   273    2.417             171             171              30              24          0.5000;
   274    2.426             171             171              30              24          0.5000;
   275    2.435             171             171              30              24          0.5000;
   276    2.444             171             171              30              24          0.5000;
   277    2.453             171             171              30              24          0.5000;
   278    2.461             171             171              30              24          0.5000;
   279    2.470             171             171              31              24          0.5000;
   280    2.479             171             171              31              24          0.5000;
   281    2.488             171             171              31              24          0.5000;
   282    2.497             171             171              31              24          0.5000;
   283    2.506             171             171              31              24          0.5000;
   284    2.515             171             171              31              24          0.5000;
   285    2.523             171             171              31              24          0.5000;
   286    2.532             171             171              31              24          0.5000;
   287    2.541             171             171              31              24          0.5000;
   288    2.550             171             171              31              24          0.5000;
   289    2.559             171             171              31              24          0.5000;
   290    2.568             171             171              31              24          0.5000;
   291    2.577             171             171              31              24          0.5000;
   292    2.585             171             171              32              24          0.5000;
   293    2.594             171             171              32              24          0.5000;
   294    2.603             171             171              32              24          0.5000;
   295    2.612             171             171              32              25          0.5000;
   296    2.621             171             171              32              25          0.5000;
   297    2.630             171             171              32              25          0.5000;
   298    2.639             171             171              32              25          0.5000;
   299    2.647             171             171              32              25          0.5000;
   300    2.656             171             171              32              25          0.5000;
   301    2.665             171             171              32              25          0.5000;
   302    2.674             171             171              32              25          0.5000;
   303    2.683             171             171              32              25          0.5000;
   304    2.692             171             171              32              25          0.5000;
   305    2.701             171             171              32              25          0.5000;
   306    2.709             171             171              32              25          0.5000;
   307    2.718             171             171              32              25          0.5000;
   308    2.727             171             171              32              25          0.5000;
   309    2.736             171             171              32              25          0.5000;
   310    2.745             171             171              32              25          0.5000;
   311    2.754             171             171              32              25          0.5000;
   312    2.763             171             171              32              25          0.5000;
   313    2.771             171             171              32              25          0.5000;
   314    2.780             171             171              32              25          0.5000;
   315    2.789             171             171              31              25          0.5000;
   316    2.798             171             171              31              25          0.5000;
   317    2.807             171             171              31              25          0.5000;
   318    2.816             171             171              31              25          0.5000;
   319    2.824             171             171              31              25          0.5000;
   320    2.833             171             171              31              25          0.5000;
   321    2.842             171             171              31              25          0.5000;
   322    2.851             171             171              31              25          0.5000;
   323    2.860             171             171              32              25          0.5000;
   324    2.869             171             171              31              25          0.5000;
   325    2.878             171             171              31              25          0.5000;
   326    2.886             171             171              31              25          0.5000;
   327    2.895             171             171              32              25          0.5000;
   328    2.904             171             171              32              25          0.5000;
   329    2.913             171             171              32              25          0.5000;
   330    2.922             171             171              32              25          0.5000;
   331    2.931             171             171              32              26          0.5000;
   332    2.940             171             171              32              26          0.5000;
   333    2.948             171             171              32              26          0.5000;
   334    2.957             171             171              32              26          0.5000;
   335    2.966             171             171              32              26          0.5000;
   336    2.975             171             171              33              26          0.5000;
   337    2.984             171             171              33              26          0.5000;
   338    2.993             171             171              33              26          0.5000;
   339    3.002             172             172              33              26          0.5000;
   340    3.010             171             170              33              26          0.0000;
   341    3.019             168             165              33              26          0.0000;
   342    3.028             161             157              32              26          0.0000;
   343    3.037             150             145              32              26          0.0000;
   344    3.046             136             129              31              25          0.0000;
   345    3.055             119             111              29              24          0.0000;
   346    3.064              99              91              27              23          0.0000;
   347    3.072              77              69              25              21          0.0000;
   348    3.081              55              46              23              20          0.0000;
   349    3.090              32              23              20              18          0.0000;
   350    3.099               9              -0              18              16          0.0000;
   351    3.108             -14             -22              15              13          0.0000;
   352    3.117             -34             -42              12              11          0.0000;
   353    3.126             -54             -61               9               8          0.0000;
   354    3.134             -70             -76               7               6          0.0000;
   355    3.143             -85             -90               4               4          0.0000;
   356    3.152             -96             -99               2               1          0.0000;
   357    3.161            -104            -106               0               0          0.0000;
   358    3.170            -108            -109              -0              -0          0.0000;
   359    3.179            -110            -108               1              -1          0.0000;
   360    3.188            -107            -105               1               1          0.0000;
   361    3.196            -101             -98               1               1          0.0000;
   362    3.205             -93             -89               3               1          0.0000;
   363    3.214             -83             -79               5               2          0.0000;
   364    3.223             -71             -66               7               4          0.0000;
   365    3.232             -59             -53               8               5          0.0000;
   366    3.241             -45             -39              10               6          0.0000;
   367    3.249             -31             -26              11               7          0.0000;
   368    3.258             -17             -12              12               8          0.0000;
   369    3.267              -5               1              14               9          0.0000;
   370    3.276               8              12              15              10          0.0000;
   371    3.285              19              23              16              12          0.0000;
   372    3.294              28              31              18              13          0.0000;
   373    3.303              36              39              20              14          0.0000;
   374    3.311              42              43              21              16          0.0000;
   375    3.320              45              46              23              17          0.0000;
   376    3.329              47              47              24              18          0.0000;
   377    3.338              47              46              25              19          0.0000;
   378    3.347              44              43              26              20          0.0000;
   379    3.356              40              38              26              20          0.0000;
   380    3.365              35              33              26              20          0.0000;
   381    3.373              29              26              25              20          0.0000;
   382    3.382              22              19              24              19          0.0000;
   383    3.391              15              12              23              18          0.0000;
   384    3.400               8               5              21              17          0.0000;
   385    3.409               1              -2              20              16          0.0000;
   386    3.418              -6              -8              19              16          0.0000;
   387    3.427             -11             -13              18              15          0.0000;
   388    3.435             -16             -18              17              14          0.0000;
   389    3.444             -20             -21              16              13          0.0000;
   390    3.453             -22             -23              15              13          0.0000;
   391    3.462             -24             -25              15              12          0.0000;
   392    3.471             -25             -26              14              12          0.0000;
   393    3.480             -24             -23              14              12          0.0000;
   394    3.489             -22             -21              13              11          0.0000;
   395    3.497             -20             -19              13              11          0.0000;
   396    3.506             -17             -16              13              11          0.0000;
   397    3.515             -14             -13              13              11          0.0000;
   398    3.524             -11              -9              12              10          0.0000;
   399    3.533              -7              -6              12              10          0.0000;
   400    3.542              -5              -3              12              10          0.0000;
   401    3.551              -2              -1              12              10          0.0000;
   402    3.559              -0               0              11              10          0.0000;
   403    3.568               1               1              11               9          0.0000;
   404    3.577               1               2              11               9          0.0000;
   405    3.586               1               1              13               9          0.0000;
   406    3.595               1               0              13               9          0.0000;
   407    3.604              -1              -1              13               9          0.0000;
   408    3.613              -2              -3              12               9          0.0000;
   409    3.621              -4              -5              12               9          0.0000;
   410    3.630              -6              -7              12               9          0.0000;
   411    3.639              -8              -8              12               9          0.0000;
   412    3.648             -10             -10              12               9          0.0000;
   413    3.657             -11             -11              12               9          0.0000;
   414    3.666             -12             -12              11               9          0.0000;
   415    3.674             -13             -13              11               9          0.0000;
   416    3.683             -13             -14              11               9          0.0000;
   417    3.692             -12             -12              12               9          0.0000;
   418    3.701             -12             -11              12              10          0.0000;
   419    3.710             -11             -11              12              10          0.0000;
   420    3.719             -10              -9              12              10          0.0000;
   421    3.728              -9              -8              12              10          0.0000;
   422    3.736              -7              -7              13              10          0.0000;
   423    3.745              -7              -6              14              11          0.0000;
   424    3.754              -6              -5              14              11          0.0000;
   425    3.763              -5              -5              15              11          0.0000;
   426    3.772              -4              -4              15              12          0.0000;
   427    3.781              -4              -4              15              12          0.0000;
   428    3.790              -4              -4              15              12          0.0000;
   429    3.798              -5              -5              15              12          0.0000;
   430    3.807              -5              -5              16              12          0.0000;
   431    3.816              -6              -6              16              13          0.0000;
   432    3.825              -6              -7              17              13          0.0000;
   433    3.834              -7              -7              17              13          0.0000;
   434    3.843              -8              -8              17              13          0.0000;
   435    3.852              -8              -8              17              13          0.0000;
   436    3.860              -8              -8              16              13          0.0000;
   437    3.869              -9              -9              17              13          0.0000;
   438    3.878              -9              -7              17              13          0.0000;
   439    3.887              -7              -7              17              13          0.0000;
   440    3.896              -7              -7              17              13          0.0000;
   441    3.905              -6              -6              17              13          0.0000;
   442    3.914              -6              -6              17              13          0.0000;
   443    3.922              -6              -5              17              13          0.0000;
   444    3.931              -5              -5              17              13          0.0000;
   445    3.940              -5              -5              17              13          0.0000;
   446    3.949              -5              -5              17              13          0.0000;
   447    3.958              -5              -5              17              13          0.0000;
   448    3.967              -5              -5              17              13          0.0000;
   449    3.976              -6              -6              17              13          0.0000;
   450    3.984              -6              -6              17              13          0.0000;
   451    3.993              -7              -7              17              13          0.0000;
   452    4.002              -7              -7              17              13          0.0000;
   453    4.011              -7              -7              18              13          0.0000;
   454    4.020              -8              -8              19              14          0.0000;
   455    4.029              -8              -8              20              15          0.0000;
   456    4.038              -8              -8              20              15          0.0000;
   457    4.046              -6              -6              21              16          0.0000;
   458    4.055              -6              -6              21              16          0.0000;
   459    4.064              -5              -5              21              16          0.0000;
   460    4.073              -5              -5              22              17          0.0000;
   461    4.082              -5              -4              22              17          0.0000;
   462    4.091              -4              -4              22              17          0.0000;
   463    4.099              -4              -4              22              17          0.0000;
   464    4.108              -4              -4              22              17          0.0000;
   465    4.117              -4              -4              22              17          0.0000;
   466    4.126              -4              -4              22              17          0.0000;
   467    4.135              -4              -4              22              17          0.0000;
   468    4.144              -5              -5              22              17          0.0000;
   469    4.153              -5              -5              22              17          0.0000;
   470    4.161              -5              -5              22              17          0.0000;
   471    4.170              -5              -6              23              17          0.0000;
   472    4.179              -6              -6              24              17          0.0000;
   473    4.188              -6              -6              24              18          0.0000;
   474    4.197              -5              -5              24              18          0.0000;
   475    4.206              -5              -5              25              19          0.0000;
   476    4.215              -5              -5              25              19          0.0000;
   477    4.223              -4              -4              26              20          0.0000;
   478    4.232              -4              -4              27              21          0.0000;
   479    4.241              -3              -3              28              21          0.0000;
   480    4.250              -3              -3              29              22          0.0000;
   481    4.259              -3              -2              29              23          0.0000;
   482    4.268              -2              -2              30              23          0.0000;
   483    4.277              -2              -2              30              24          0.0000;
   484    4.285              -2              -2              31              24          0.0000;
   485    4.294              -2              -2              31              24          0.0000;
   486    4.303              -2              -2              32              25          0.0000;
   487    4.312              -2              -2              32              25          0.0000;
   488    4.321              -2              -2              32              25          0.0000;
   489    4.330              -2              -2              33              26          0.0000;
   490    4.339              -2              -2              33              26          0.0000;
   491    4.347              -2              -2              32              26          0.0000;
   492    4.356              -2              -2              32              25          0.0000;
   493    4.365              -2              -2              31              25          0.0000;
   494    4.374              -2              -2              30              25          0.0000;
   495    4.383              -2              -2              29              25          0.0000;
   496    4.392              -2              -2              29              24          0.0000;
   497    4.401              -2              -2              28              23          0.0000;
   498    4.409              -2              -2              28              23          0.0000;
   499    4.418              -2              -2              28              23          0.0000;
   500    4.427              -3              -3              28              23          0.0000;
   501    4.436              -3              -3              28              23          0.0000;
   502    4.445              -3              -3              28              23          0.0000;
   503    4.454              -3              -3              28              23          0.0000;
   504    4.463              -3              -3              28              23          0.0000;
   505    4.471              -2              -2              28              23          0.0000;
   506    4.480              -2              -2              28              23          0.0000;
   507    4.489              -2              -2              28              23          0.0000;
   508    4.498              -2              -2              30              23          0.0000;
   509    4.507              -2              -2              30              25          0.0000;
   510    4.516              -2              -2              30              25          0.0000;
   511    4.524              -2              -2              30              25          0.0000;
   512    4.533              -2              -2              30              25          0.0000;
   513    4.542              -2              -2              30              24          0.0000;
   514    4.551              -2              -2              29              24          0.0000;
   515    4.560              -2              -2              29              24          0.0000;
   516    4.569              -2              -2              29              24          0.0000;
   517    4.578              -2              -2              29              24          0.0000;
   518    4.586              -2              -2              29              24          0.0000;
   519    4.595              -2              -2              29              24          0.0000;
   520    4.604              -3              -3              29              24          0.0000;
   521    4.613              -3              -3              29              24          0.0000;
   522    4.622              -3              -3              29              24          0.0000;
   523    4.631              -3              -3              29              24          0.0000;
   524    4.640              -3              -3              29              24          0.0000;
   525    4.648              -2              -2              30              24          0.0000;
   526    4.657              -2              -2              30              24          0.0000;
   527    4.666              -2              -2              30              25          0.0000;
   528    4.675              -2              -2              30              25          0.0000;
   529    4.684              -2              -2              30              25          0.0000;
   530    4.693              -2              -2              31              25          0.0000;
   531    4.702              -2              -2              31              25          0.0000;
   532    4.710              -2              -2              31              25          0.0000;
   533    4.719              -2              -2              31              25          0.0000;
   534    4.728              -2              -2              31              25          0.0000;
   535    4.737              -2              -2              31              25          0.0000;
   536    4.746              -2              -2              31              25          0.0000;
   537    4.755              -2              -2              31              25          0.0000;
   538    4.764              -2              -2              32              25          0.0000;
   539    4.772              -2              -2              32              25          0.0000;
   540    4.781              -2              -2              33              25          0.0000;
   541    4.790              -2              -2              33              25          0.0000;
   542    4.799              -2              -2              33              26          0.0000;
   543    4.808              -2              -2              33              26          0.0000;
   544    4.817              -1              -1              33              26          0.0000;
   545    4.826              -1              -1              33              26          0.0000;
   546    4.834              -1              -1              33              26          0.0000;
   547    4.843              -1              -1              33              26          0.0000;
   548    4.852              -1              -1              33              26          0.0000;
   549    4.861              -1              -1              33              26          0.0000;
   550    4.870              -1              -1              33              26          0.0000;
   551    4.879              -1              -2              33              26          0.0000;
   552    4.888              -2              -2              33              26          0.0000;
   553    4.896              -2              -2              33              26          0.0000;
   554    4.905              -2              -2              33              26          0.0000;
   555    4.914              -2              -2              33              26          0.0000;
   556    4.923              -2              -2              32              26          0.0000;
   557    4.932              -2              -2              32              26          0.0000;
   558    4.941              -2              -2              32              26          0.0000;
   559    4.949              -2              -2              33              26          0.0000;
   560    4.958              -2              -2              33              26          0.0000;
   561    4.967              -2              -2              33              27          0.0000;
   562    4.976              -2              -2              33              27          0.0000;
   563    4.985              -2              -2              33              27          0.0000;
   564    4.994              -2              -1              34              27          0.0000;
   565    5.003              -1              -1              35              27          0.0000;
   566    5.011              -1              -1              35              28          0.0000;
   567    5.020              -1              -1              35              28          0.0000;
   568    5.029              -1              -1              35              28          0.0000;
   569    5.038              -1              -1              36              29          0.0000;
   570    5.047              -1              -1              36              29          0.0000;
   571    5.056              -1              -1              36              29          0.0000;
   572    5.065              -1              -1              36              29          0.0000;
   573    5.073              -1              -1              35              29          0.0000;
   574    5.082              -1              -1              35              28          0.0000;
   575    5.091              -1              -1              34              28          0.0000;
   576    5.100              -1              -1              34              28          0.0000;
   577    5.109              -1              -1              32              27          0.0000;
   578    5.118              -1              -1              32              26          0.0000;
   579    5.127              -1              -1              31              26          0.0000;
   580    5.135              -1              -1              30              25          0.0000;
   581    5.144              -2              -2              30              25          0.0000;
   582    5.153              -2              -2              29              24          0.0000;
   583    5.162              -2              -2              29              24          0.0000;
   584    5.171              -2              -2              29              24          0.0000;
   585    5.180              -2              -2              29              24          0.0000;
   586    5.189              -2              -2              29              24          0.0000;
   587    5.197              -2              -2              31              26          0.0000;
   588    5.206              -2              -2              31              26          0.0000;
   589    5.215              -2              -2              31              26          0.0000;
   590    5.224              -2              -2              32              26          0.0000;
   591    5.233              -1              -1              32              26          0.0000;
   592    5.242              -1              -1              32              26          0.0000;
   593    5.251              -1              -1              33              27          0.0000;
   594    5.259              -1              -1              33              27          0.0000;
   595    5.268              -1              -1              34              27          0.0000;
   596    5.277              -1              -1              35              28          0.0000;
   597    5.286              -0              -0              35              28          0.0000;
   598    5.295              -0              -1              36              29          0.0000;
   599    5.304              -1              -1              36              29          0.0000;
   600    5.313              -1              -1              36              29          0.0000;
   601    5.321              -1              -1              36              29          0.0000;
   602    5.330              -1              -1              36              29          0.0000;
   603    5.339              -1              -1              36              29          0.0000;
   604    5.348              -1              -1              36              29          0.0000;
   605    5.357              -1              -1              36              29          0.0000;
   606    5.366              -1              -1              36              29          0.0000;
   607    5.374              -1              -1              36              29          0.0000;
   608    5.383              -1               0              36              29          0.0000;
   609    5.392               0               0              37              29          0.0000;
   610    5.401               0               0              38              30          0.0000;
   611    5.410               0               0              39              31          0.0000;
   612    5.419               0               0              39              32          0.0000;
   613    5.428               0               0              40              32          0.0000;
   614    5.436               0               1              40              33          0.0000;
   615    5.445               1               1              40              33          0.0000;
   616    5.454               1               1              41              33          0.0000;
   617    5.463               1               1              41              33          0.0000;
   618    5.472               1               1              41              33          0.0000;
   619    5.481               2               2              41              34          0.0000;
   620    5.490               2               2              42              34          0.0000;
   621    5.498               2               2              43              35          0.0000;
   622    5.507               2               2              43              35          0.0000;
   623    5.516               2               2              43              36          0.0000;
   624    5.525               2               3              43              36          0.0000;
   625    5.534               3               3              43              36          0.0000;
   626    5.543               3               3              43              36          0.0000;
   627    5.552               3               3              42              35          0.0000;
   628    5.560               3               3              42              35          0.0000;
   629    5.569               3               3              41              35          0.0000;
   630    5.578               3               3              41              35          0.0000;
   631    5.587               3               3              41              35          0.0000;
   632    5.596               2               2              41              35          0.0000;
   633    5.605               2               2              40              34          0.0000;
   634    5.614               2               2              39              34          0.0000;
   635    5.622               2               2              39              33          0.0000;
   636    5.631               2               2              38              33          0.0000;
   637    5.640               2               2              37              32          0.0000;
   638    5.649               2               2              36              31          0.0000;
   639    5.658               1               1              35              30          0.0000;
   640    5.667               1               1              35              30          0.0000;
   641    5.676               1               1              36              30          0.0000;
   642    5.684               1               1              35              30          0.0000;
   643    5.693               1               1              35              30          0.0000;
   644    5.702               1               1              36              31          0.0000;
   645    5.711               1               1              40              33          0.0000;
   646    5.720               1               1              47              38          0.0000;
   647    5.729               1               1              53              45          0.0000;
   648    5.738               2               2              54              47          0.0000;
   649    5.746               3               3              48              43          0.0000;
   650    5.755               4               5              38              35          0.0000;
   651    5.764               5               6              23              22          0.0000;
   652    5.773               6               6               6               6          0.0000;
   653    5.782               5               5             -10             -10          0.0000;
   654    5.791               4               3             -25             -24          0.0000;
   655    5.799               1              -1             -36             -35          0.0000;
   656    5.808              -4              -6             -43             -42          0.0000;
   657    5.817             -10             -12             -46             -45          0.0000;
   658    5.826             -16             -19             -45             -45          0.0000;
   659    5.835             -23             -26             -40             -42          0.0000;
   660    5.844             -31             -34             -35             -37          0.0000;
   661    5.853             -39             -42             -29             -33          0.0000;
   662    5.861             -46             -48             -25             -29          0.0000;
   663    5.870             -52             -54             -24             -27          0.0000;
   664    5.879             -58             -59             -26             -29          0.0000;
   665    5.888             -62             -63             -33             -33          0.0000;
   666    5.897             -64             -65             -41             -41          0.0000;
   667    5.906             -66             -67             -53             -51          0.0000;
   668    5.915             -67             -68             -65             -64          0.0000;
   669    5.923             -68             -68             -77             -76          0.0000;
   670    5.932             -68             -68             -88             -86          0.0000;
   671    5.941             -68             -68             -96             -94          0.0000;
   672    5.950             -68             -69            -100             -99          0.0000;
   673    5.959             -69             -70            -101            -100          0.0000;
   674    5.968             -70             -71             -98             -98          0.0000;
   675    5.977             -72             -73             -92             -94          0.0000;
   676    5.985             -74             -74             -84             -87          0.0000]
