 Sample   Time     Commanded Pos   Encoder 1 Pos   Encoder 2 Pos   Encoder 3 Pos   Control Effort

[    0    0.000              -8              -8              -7              -4          0.0000;
     1    0.009              -8              -7              -8              -5          0.5000;
     2    0.018              -5              -3              -8              -5          0.5000;
     3    0.027               2               6              -8              -5          0.5000;
     4    0.035              13              18              -7              -5          0.5000;
     5    0.044              26              33              -7              -5          0.5000;
     6    0.053              43              50              -6              -4          0.5000;
     7    0.062              61              69              -4              -4          0.5000;
     8    0.071              80              88              -3              -2          0.5000;
     9    0.080             100             108              -1              -1          0.5000;
    10    0.089             119             126               2               1          0.5000;
    11    0.097             138             145               5               3          0.5000;
    12    0.106             156             163               8               6          0.5000;
    13    0.115             173             179              12               9          0.5000;
    14    0.124             188             194              15              12          0.5000;
    15    0.133             202             207              19              15          0.5000;
    16    0.142             214             218              22              18          0.5000;
    17    0.151             224             227              25              21          0.5000;
    18    0.159             231             233              27              23          0.5000;
    19    0.168             236             238              29              24          0.5000;
    20    0.177             239             240              30              25          0.5000;
    21    0.186             240             239              30              26          0.5000;
    22    0.195             238             237              30              26          0.5000;
    23    0.204             234             232              30              26          0.5000;
    24    0.213             229             226              30              26          0.5000;
    25    0.221             222             219              29              26          0.5000;
    26    0.230             214             211              28              25          0.5000;
    27    0.239             206             202              27              25          0.5000;
    28    0.248             197             194              27              24          0.5000;
    29    0.257             188             185              25              23          0.5000;
    30    0.266             179             176              24              22          0.5000;
    31    0.274             171             168              22              21          0.5000;
    32    0.283             163             160              21              20          0.5000;
    33    0.292             156             153              19              19          0.5000;
    34    0.301             149             147              18              18          0.5000;
    35    0.310             144             142              16              16          0.5000;
    36    0.319             140             138              15              15          0.5000;
    37    0.328             137             136              13              14          0.5000;
    38    0.336             135             135              12              13          0.5000;
    39    0.345             135             135              11              12          0.5000;
    40    0.354             135             136              10              11          0.5000;
    41    0.363             137             138               9              10          0.5000;
    42    0.372             140             141               9              10          0.5000;
    43    0.381             142             144               9              10          0.5000;
    44    0.390             146             147               9              10          0.5000;
    45    0.398             149             151              10              10          0.5000;
    46    0.407             153             154              10              10          0.5000;
    47    0.416             156             157              10              10          0.5000;
    48    0.425             159             160              11              10          0.5000;
    49    0.434             161             162              11              12          0.5000;
    50    0.443             164             164              11              12          0.5000;
    51    0.452             165             165              12              12          0.5000;
    52    0.460             166             166              11              12          0.5000;
    53    0.469             166             166              11              12          0.5000;
    54    0.478             166             166              11              12          0.5000;
    55    0.487             165             164              11              12          0.5000;
    56    0.496             164             163              11              11          0.5000;
    57    0.505             162             161              11              11          0.5000;
    58    0.514             160             160              11              12          0.5000;
    59    0.522             158             158              11              12          0.5000;
    60    0.531             157             156              11              12          0.5000;
    61    0.540             156             155              11              11          0.5000;
    62    0.549             154             154              10              11          0.5000;
    63    0.558             154             153              10              11          0.5000;
    64    0.567             153             153              10              11          0.5000;
    65    0.576             153             154               9              11          0.5000;
    66    0.584             154             154               9              11          0.5000;
    67    0.593             154             155               9              11          0.5000;
    68    0.602             155             156               9              10          0.5000;
    69    0.611             156             157               9              10          0.5000;
    70    0.620             157             158               9              10          0.5000;
    71    0.629             158             158               9               9          0.5000;
    72    0.638             159             159               9               9          0.5000;
    73    0.646             159             160               9              11          0.5000;
    74    0.655             160             160              10              11          0.5000;
    75    0.664             160             160              10              11          0.5000;
    76    0.673             159             159              10              11          0.5000;
    77    0.682             159             159              10              11          0.5000;
    78    0.691             158             158              10              11          0.5000;
    79    0.699             158             158              10              11          0.5000;
    80    0.708             157             157              10              11          0.5000;
    81    0.717             157             156              10              11          0.5000;
    82    0.726             156             156              10              11          0.5000;
    83    0.735             156             156              10              11          0.5000;
    84    0.744             156             156              10              11          0.5000;
    85    0.753             156             156              10              11          0.5000;
    86    0.761             156             157              10              11          0.5000;
    87    0.770             157             157              11              11          0.5000;
    88    0.779             157             158              11              11          0.5000;
    89    0.788             158             158              11              11          0.5000;
    90    0.797             158             158              11              11          0.5000;
    91    0.806             159             159              11              11          0.5000;
    92    0.815             159             159              11              11          0.5000;
    93    0.823             159             159              11              11          0.5000;
    94    0.832             159             159              12              11          0.5000;
    95    0.841             159             159              12              11          0.5000;
    96    0.850             159             159              12              11          0.5000;
    97    0.859             158             158              12              11          0.5000;
    98    0.868             158             158              12              12          0.5000;
    99    0.877             158             158              12              12          0.5000;
   100    0.885             158             158              12              12          0.5000;
   101    0.894             157             157              12              12          0.5000;
   102    0.903             157             157              11              12          0.5000;
   103    0.912             157             157              11              12          0.5000;
   104    0.921             157             158              11              12          0.5000;
   105    0.930             158             158              11              12          0.5000;
   106    0.939             158             158              11              12          0.5000;
   107    0.947             158             158              11              12          0.5000;
   108    0.956             158             158              11              12          0.5000;
   109    0.965             158             158              11              12          0.5000;
   110    0.974             158             158              11              12          0.5000;
   111    0.983             159             159              12              12          0.5000;
   112    0.992             158             158              12              12          0.5000;
   113    1.001             158             158              13              12          0.5000;
   114    1.009             158             158              13              12          0.5000;
   115    1.018             158             158              14              13          0.5000;
   116    1.027             158             158              15              14          0.5000;
   117    1.036             158             158              15              14          0.5000;
   118    1.045             158             158              16              15          0.5000;
   119    1.054             158             158              16              15          0.5000;
   120    1.063             159             159              16              15          0.5000;
   121    1.071             159             159              16              15          0.5000;
   122    1.080             159             159              16              15          0.5000;
   123    1.089             160             160              17              15          0.5000;
   124    1.098             160             160              17              15          0.5000;
   125    1.107             160             160              17              15          0.5000;
   126    1.116             160             160              17              15          0.5000;
   127    1.124             160             160              18              15          0.5000;
   128    1.133             160             160              18              15          0.5000;
   129    1.142             160             160              18              16          0.5000;
   130    1.151             160             160              18              16          0.5000;
   131    1.160             160             160              18              16          0.5000;
   132    1.169             160             160              18              16          0.5000;
   133    1.178             160             160              18              16          0.5000;
   134    1.186             160             160              18              16          0.5000;
   135    1.195             160             160              18              16          0.5000;
   136    1.204             160             160              18              16          0.5000;
   137    1.213             160             160              18              16          0.5000;
   138    1.222             160             160              18              16          0.5000;
   139    1.231             160             160              17              16          0.5000;
   140    1.240             160             160              17              16          0.5000;
   141    1.248             160             160              17              16          0.5000;
   142    1.257             160             160              16              15          0.5000;
   143    1.266             160             160              16              15          0.5000;
   144    1.275             160             160              15              15          0.5000;
   145    1.284             160             160              15              15          0.5000;
   146    1.293             160             159              15              15          0.5000;
   147    1.302             159             159              15              15          0.5000;
   148    1.310             159             159              15              15          0.5000;
   149    1.319             159             159              15              15          0.5000;
   150    1.328             159             159              15              15          0.5000;
   151    1.337             159             159              15              15          0.5000;
   152    1.346             159             159              15              15          0.5000;
   153    1.355             159             159              14              14          0.5000;
   154    1.364             159             159              14              14          0.5000;
   155    1.372             159             159              14              14          0.5000;
   156    1.381             159             159              13              14          0.5000;
   157    1.390             159             159              13              14          0.5000;
   158    1.399             159             159              13              13          0.5000;
   159    1.408             159             159              13              13          0.5000;
   160    1.417             159             159              13              12          0.5000;
   161    1.426             159             159              13              14          0.5000;
   162    1.434             159             159              14              14          0.5000;
   163    1.443             159             159              14              14          0.5000;
   164    1.452             159             159              14              14          0.5000;
   165    1.461             159             159              14              14          0.5000;
   166    1.470             159             159              14              14          0.5000;
   167    1.479             159             159              14              14          0.5000;
   168    1.488             159             159              14              14          0.5000;
   169    1.496             159             159              14              14          0.5000;
   170    1.505             159             159              14              14          0.5000;
   171    1.514             159             159              15              14          0.5000;
   172    1.523             160             160              15              14          0.5000;
   173    1.532             160             160              15              14          0.5000;
   174    1.541             160             160              15              14          0.5000;
   175    1.549             160             160              16              14          0.5000;
   176    1.558             160             160              16              14          0.5000;
   177    1.567             160             160              16              14          0.5000;
   178    1.576             160             160              16              14          0.5000;
   179    1.585             160             160              16              15          0.5000;
   180    1.594             160             160              16              15          0.5000;
   181    1.603             160             160              15              15          0.5000;
   182    1.611             160             160              15              15          0.5000;
   183    1.620             160             160              15              15          0.5000;
   184    1.629             160             160              15              14          0.5000;
   185    1.638             160             160              14              14          0.5000;
   186    1.647             159             159              15              14          0.5000;
   187    1.656             159             159              15              14          0.5000;
   188    1.665             159             159              15              15          0.5000;
   189    1.673             159             159              15              15          0.5000;
   190    1.682             159             159              15              15          0.5000;
   191    1.691             159             159              16              15          0.5000;
   192    1.700             159             159              16              15          0.5000;
   193    1.709             159             159              16              15          0.5000;
   194    1.718             160             160              17              15          0.5000;
   195    1.727             160             160              18              15          0.5000;
   196    1.735             160             160              19              16          0.5000;
   197    1.744             160             160              19              17          0.5000;
   198    1.753             160             160              20              18          0.5000;
   199    1.762             160             161              21              18          0.5000;
   200    1.771             161             161              21              18          0.5000;
   201    1.780             161             161              21              19          0.5000;
   202    1.789             161             161              22              19          0.5000;
   203    1.797             161             161              22              19          0.5000;
   204    1.806             161             161              22              19          0.5000;
   205    1.815             162             162              22              19          0.5000;
   206    1.824             162             162              23              19          0.5000;
   207    1.833             162             162              23              19          0.5000;
   208    1.842             162             162              23              20          0.5000;
   209    1.851             162             162              24              20          0.5000;
   210    1.859             162             162              24              20          0.5000;
   211    1.868             162             162              24              21          0.5000;
   212    1.877             162             162              24              21          0.5000;
   213    1.886             162             162              24              21          0.5000;
   214    1.895             162             162              25              22          0.5000;
   215    1.904             162             162              25              22          0.5000;
   216    1.913             162             162              25              22          0.5000;
   217    1.921             162             162              25              22          0.5000;
   218    1.930             162             162              25              22          0.5000;
   219    1.939             162             162              24              22          0.5000;
   220    1.948             162             162              24              22          0.5000;
   221    1.957             162             162              24              22          0.5000;
   222    1.966             162             162              24              22          0.5000;
   223    1.974             162             162              24              22          0.5000;
   224    1.983             162             162              24              21          0.5000;
   225    1.992             162             162              24              21          0.5000;
   226    2.001             162             162              24              21          0.5000;
   227    2.010             162             162              24              21          0.5000;
   228    2.019             162             162              24              21          0.5000;
   229    2.028             162             162              24              21          0.5000;
   230    2.036             162             162              24              21          0.5000;
   231    2.045             162             162              24              21          0.5000;
   232    2.054             162             162              23              21          0.5000;
   233    2.063             162             162              23              21          0.5000;
   234    2.072             162             162              23              21          0.5000;
   235    2.081             162             162              23              21          0.5000;
   236    2.090             162             162              23              21          0.5000;
   237    2.098             162             162              23              21          0.5000;
   238    2.107             162             162              23              21          0.5000;
   239    2.116             162             162              24              21          0.5000;
   240    2.125             162             162              24              22          0.5000;
   241    2.134             162             162              25              22          0.5000;
   242    2.143             162             162              26              22          0.5000;
   243    2.152             162             162              26              22          0.5000;
   244    2.160             162             162              26              23          0.5000;
   245    2.169             162             162              26              23          0.5000;
   246    2.178             163             163              26              23          0.5000;
   247    2.187             163             163              26              23          0.5000;
   248    2.196             163             163              26              23          0.5000;
   249    2.205             163             163              26              23          0.5000;
   250    2.214             163             163              27              23          0.5000;
   251    2.222             163             163              26              23          0.5000;
   252    2.231             163             163              26              23          0.5000;
   253    2.240             163             163              26              23          0.5000;
   254    2.249             163             163              26              23          0.5000;
   255    2.258             163             163              26              23          0.5000;
   256    2.267             163             163              27              23          0.5000;
   257    2.276             163             163              27              23          0.5000;
   258    2.284             163             163              28              23          0.5000;
   259    2.293             163             163              29              25          0.5000;
   260    2.302             163             163              31              26          0.5000;
   261    2.311             163             163              32              27          0.5000;
   262    2.320             164             164              33              28          0.5000;
   263    2.329             164             164              34              29          0.5000;
   264    2.338             164             165              34              30          0.5000;
   265    2.346             165             165              34              30          0.5000;
   266    2.355             165             166              34              30          0.5000;
   267    2.364             166             166              35              30          0.5000;
   268    2.373             166             166              36              31          0.5000;
   269    2.382             167             167              37              32          0.5000;
   270    2.391             167             168              38              34          0.5000;
   271    2.399             168             168              39              35          0.5000;
   272    2.408             168             168              40              35          0.5000;
   273    2.417             168             169              41              36          0.5000;
   274    2.426             169             169              41              36          0.5000;
   275    2.435             169             169              41              37          0.5000;
   276    2.444             169             170              41              37          0.5000;
   277    2.453             170             170              42              37          0.5000;
   278    2.461             170             170              42              37          0.5000;
   279    2.470             170             170              42              37          0.5000;
   280    2.479             170             170              42              37          0.5000;
   281    2.488             170             170              42              37          0.5000;
   282    2.497             170             170              42              38          0.5000;
   283    2.506             170             170              42              38          0.5000;
   284    2.515             170             170              42              38          0.5000;
   285    2.523             170             170              42              38          0.5000;
   286    2.532             170             170              42              38          0.5000;
   287    2.541             170             170              43              38          0.5000;
   288    2.550             170             170              43              38          0.5000;
   289    2.559             170             170              44              38          0.5000;
   290    2.568             170             170              44              39          0.5000;
   291    2.577             170             170              45              40          0.5000;
   292    2.585             171             171              46              41          0.5000;
   293    2.594             171             171              46              41          0.5000;
   294    2.603             171             171              46              41          0.5000;
   295    2.612             172             172              46              42          0.5000;
   296    2.621             172             172              46              42          0.5000;
   297    2.630             172             172              46              42          0.5000;
   298    2.639             172             172              46              42          0.5000;
   299    2.647             173             173              46              42          0.5000;
   300    2.656             173             173              47              42          0.5000;
   301    2.665             173             173              47              42          0.5000;
   302    2.674             173             173              47              42          0.5000;
   303    2.683             174             174              47              42          0.5000;
   304    2.692             174             174              47              42          0.5000;
   305    2.701             174             174              47              43          0.5000;
   306    2.709             174             174              47              43          0.5000;
   307    2.718             174             174              47              43          0.5000;
   308    2.727             174             174              47              43          0.5000;
   309    2.736             174             174              47              43          0.5000;
   310    2.745             174             174              48              43          0.5000;
   311    2.754             174             174              48              43          0.5000;
   312    2.763             174             174              49              43          0.5000;
   313    2.771             174             174              49              44          0.5000;
   314    2.780             174             174              50              45          0.5000;
   315    2.789             174             174              50              45          0.5000;
   316    2.798             174             174              50              45          0.5000;
   317    2.807             175             175              50              45          0.5000;
   318    2.816             175             175              50              45          0.5000;
   319    2.824             175             175              50              45          0.5000;
   320    2.833             175             176              50              46          0.5000;
   321    2.842             176             176              50              46          0.5000;
   322    2.851             176             176              50              46          0.5000;
   323    2.860             176             176              50              46          0.5000;
   324    2.869             176             176              50              46          0.5000;
   325    2.878             176             176              49              45          0.5000;
   326    2.886             176             176              49              45          0.5000;
   327    2.895             176             176              49              45          0.5000;
   328    2.904             176             176              50              45          0.5000;
   329    2.913             176             176              50              46          0.5000;
   330    2.922             176             176              51              46          0.5000;
   331    2.931             176             176              51              46          0.5000;
   332    2.940             176             177              52              47          0.5000;
   333    2.948             177             177              53              47          0.5000;
   334    2.957             177             177              53              48          0.5000;
   335    2.966             177             177              54              48          0.5000;
   336    2.975             177             177              54              49          0.5000;
   337    2.984             177             177              54              49          0.5000;
   338    2.993             178             178              55              50          0.5000;
   339    3.002             178             178              55              50          0.5000;
   340    3.010             178             177              55              50          0.0000;
   341    3.019             175             173              55              51          0.0000;
   342    3.028             168             165              56              51          0.0000;
   343    3.037             158             154              55              51          0.0000;
   344    3.046             146             140              55              51          0.0000;
   345    3.055             130             124              54              51          0.0000;
   346    3.064             113             106              53              50          0.0000;
   347    3.072              94              86              52              49          0.0000;
   348    3.081              75              67              50              47          0.0000;
   349    3.090              55              47              47              46          0.0000;
   350    3.099              35              28              45              44          0.0000;
   351    3.108              17               9              42              42          0.0000;
   352    3.117              -1              -8              40              39          0.0000;
   353    3.126             -17             -23              38              38          0.0000;
   354    3.134             -31             -36              35              36          0.0000;
   355    3.143             -42             -46              34              34          0.0000;
   356    3.152             -51             -53              32              33          0.0000;
   357    3.161             -57             -59              32              32          0.0000;
   358    3.170             -60             -60              32              32          0.0000;
   359    3.179             -61             -59              33              32          0.0000;
   360    3.188             -57             -55              34              34          0.0000;
   361    3.196             -52             -49              35              34          0.0000;
   362    3.205             -44             -41              36              35          0.0000;
   363    3.214             -35             -31              37              35          0.0000;
   364    3.223             -25             -20              38              36          0.0000;
   365    3.232             -14              -9              39              37          0.0000;
   366    3.241              -2               3              40              38          0.0000;
   367    3.249              10              14              41              38          0.0000;
   368    3.258              21              26              42              39          0.0000;
   369    3.267              32              36              43              39          0.0000;
   370    3.276              41              45              43              40          0.0000;
   371    3.285              50              53              43              40          0.0000;
   372    3.294              56              59              44              41          0.0000;
   373    3.303              62              63              44              41          0.0000;
   374    3.311              65              65              45              41          0.0000;
   375    3.320              66              66              45              42          0.0000;
   376    3.329              65              65              46              42          0.0000;
   377    3.338              63              62              46              43          0.0000;
   378    3.347              59              57              46              43          0.0000;
   379    3.356              54              52              47              43          0.0000;
   380    3.365              49              46              47              43          0.0000;
   381    3.373              42              40              47              43          0.0000;
   382    3.382              36              34              47              43          0.0000;
   383    3.391              30              28              46              43          0.0000;
   384    3.400              24              22              46              43          0.0000;
   385    3.409              19              17              45              43          0.0000;
   386    3.418              14              12              44              42          0.0000;
   387    3.427              10               9              43              41          0.0000;
   388    3.435               8               7              42              40          0.0000;
   389    3.444               6               5              42              40          0.0000;
   390    3.453               5               5              41              39          0.0000;
   391    3.462               5               6              41              39          0.0000;
   392    3.471               7               8              40              39          0.0000;
   393    3.480               9              10              40              39          0.0000;
   394    3.489              11              12              40              38          0.0000;
   395    3.497              14              15              40              38          0.0000;
   396    3.506              17              18              41              40          0.0000;
   397    3.515              20              21              41              40          0.0000;
   398    3.524              22              24              41              40          0.0000;
   399    3.533              25              26              42              40          0.0000;
   400    3.542              27              27              42              40          0.0000;
   401    3.551              28              28              42              40          0.0000;
   402    3.559              28              29              42              40          0.0000;
   403    3.568              28              28              42              40          0.0000;
   404    3.577              28              28              42              40          0.0000;
   405    3.586              27              26              42              40          0.0000;
   406    3.595              26              25              42              40          0.0000;
   407    3.604              24              23              42              40          0.0000;
   408    3.613              22              22              43              40          0.0000;
   409    3.621              21              20              43              40          0.0000;
   410    3.630              20              19              43              40          0.0000;
   411    3.639              18              18              43              41          0.0000;
   412    3.648              18              18              43              41          0.0000;
   413    3.657              18              18              43              41          0.0000;
   414    3.666              18              18              43              41          0.0000;
   415    3.674              18              19              43              41          0.0000;
   416    3.683              19              20              42              41          0.0000;
   417    3.692              20              21              42              40          0.0000;
   418    3.701              21              22              42              40          0.0000;
   419    3.710              22              22              42              41          0.0000;
   420    3.719              23              23              43              41          0.0000;
   421    3.728              24              24              43              41          0.0000;
   422    3.736              24              24              44              41          0.0000;
   423    3.745              24              24              44              42          0.0000;
   424    3.754              24              24              45              42          0.0000;
   425    3.763              24              24              45              42          0.0000;
   426    3.772              23              23              45              42          0.0000;
   427    3.781              22              22              45              42          0.0000;
   428    3.790              22              22              45              42          0.0000;
   429    3.798              21              21              44              42          0.0000;
   430    3.807              21              21              44              42          0.0000;
   431    3.816              21              21              44              42          0.0000;
   432    3.825              21              21              44              42          0.0000;
   433    3.834              21              21              43              42          0.0000;
   434    3.843              21              21              43              41          0.0000;
   435    3.852              21              21              43              41          0.0000;
   436    3.860              21              22              42              41          0.0000;
   437    3.869              22              22              41              40          0.0000;
   438    3.878              22              22              40              40          0.0000;
   439    3.887              22              22              40              39          0.0000;
   440    3.896              22              22              39              38          0.0000;
   441    3.905              22              22              39              38          0.0000;
   442    3.914              22              22              38              37          0.0000;
   443    3.922              21              21              39              37          0.0000;
   444    3.931              21              21              39              39          0.0000;
   445    3.940              20              20              39              39          0.0000;
   446    3.949              20              20              40              39          0.0000;
   447    3.958              20              20              41              39          0.0000;
   448    3.967              20              20              42              39          0.0000;
   449    3.976              20              20              42              40          0.0000;
   450    3.984              20              20              43              40          0.0000;
   451    3.993              20              21              43              41          0.0000;
   452    4.002              21              21              44              41          0.0000;
   453    4.011              22              22              45              41          0.0000;
   454    4.020              22              22              46              42          0.0000;
   455    4.029              23              23              47              43          0.0000;
   456    4.038              23              23              48              44          0.0000;
   457    4.046              24              24              49              45          0.0000;
   458    4.055              24              24              51              46          0.0000;
   459    4.064              24              24              51              47          0.0000;
   460    4.073              24              24              52              48          0.0000;
   461    4.082              24              24              53              48          0.0000;
   462    4.091              24              24              53              49          0.0000;
   463    4.099              24              24              53              49          0.0000;
   464    4.108              24              24              53              49          0.0000;
   465    4.117              24              24              53              49          0.0000;
   466    4.126              24              24              52              49          0.0000;
   467    4.135              24              24              52              48          0.0000;
   468    4.144              24              24              52              48          0.0000;
   469    4.153              24              24              52              48          0.0000;
   470    4.161              24              24              51              48          0.0000;
   471    4.170              24              24              51              48          0.0000;
   472    4.179              24              24              51              48          0.0000;
   473    4.188              24              24              51              48          0.0000;
   474    4.197              24              24              51              48          0.0000;
   475    4.206              24              24              51              48          0.0000;
   476    4.215              24              24              51              48          0.0000;
   477    4.223              24              24              51              47          0.0000;
   478    4.232              24              24              50              47          0.0000;
   479    4.241              24              24              50              47          0.0000;
   480    4.250              24              24              50              47          0.0000;
   481    4.259              24              24              50              47          0.0000;
   482    4.268              23              23              51              48          0.0000;
   483    4.277              23              23              52              48          0.0000;
   484    4.285              23              23              53              48          0.0000;
   485    4.294              23              23              54              49          0.0000;
   486    4.303              24              24              55              50          0.0000;
   487    4.312              24              24              55              51          0.0000;
   488    4.321              24              24              55              51          0.0000;
   489    4.330              24              24              55              51          0.0000;
   490    4.339              25              25              55              51          0.0000;
   491    4.347              25              25              54              50          0.0000;
   492    4.356              25              25              52              49          0.0000;
   493    4.365              25              25              51              48          0.0000;
   494    4.374              25              25              50              47          0.0000;
   495    4.383              25              24              50              47          0.0000;
   496    4.392              24              24              49              46          0.0000;
   497    4.401              24              24              49              46          0.0000;
   498    4.409              23              23              48              46          0.0000;
   499    4.418              23              22              47              46          0.0000;
   500    4.427              22              22              47              46          0.0000;
   501    4.436              22              22              47              45          0.0000;
   502    4.445              22              22              47              45          0.0000;
   503    4.454              22              22              48              45          0.0000;
   504    4.463              22              22              49              47          0.0000;
   505    4.471              22              22              50              47          0.0000;
   506    4.480              22              22              50              47          0.0000;
   507    4.489              23              23              47              46          0.0000;
   508    4.498              23              24              41              40          0.0000;
   509    4.507              24              24              33              34          0.0000;
   510    4.516              24              24              23              26          0.0000;
   511    4.524              23              22              15              17          0.0000;
   512    4.533              22              21               7               9          0.0000;
   513    4.542              20              18               0               3          0.0000;
   514    4.551              17              15              -4              -1          0.0000;
   515    4.560              13              12              -6              -3          0.0000;
   516    4.569               9               8              -6              -3          0.0000;
   517    4.578               5               3              -3              -2          0.0000;
   518    4.586               1              -1              -0               1          0.0000;
   519    4.595              -4              -5               3               3          0.0000;
   520    4.604              -7              -9               4               4          0.0000;
   521    4.613             -11             -12               4               5          0.0000;
   522    4.622             -13             -14               3               4          0.0000;
   523    4.631             -15             -15              -1               2          0.0000;
   524    4.640             -16             -17              -6              -2          0.0000;
   525    4.648             -17             -17             -11              -8          0.0000;
   526    4.657             -17             -17             -17             -13          0.0000;
   527    4.666             -17             -17             -22             -18          0.0000;
   528    4.675             -15             -15             -26             -22          0.0000;
   529    4.684             -15             -15             -29             -25          0.0000;
   530    4.693             -15             -15             -30             -26          0.0000;
   531    4.702             -15             -15             -28             -25          0.0000;
   532    4.710             -15             -15             -25             -23          0.0000;
   533    4.719             -15             -15             -20             -20          0.0000;
   534    4.728             -16             -16             -15             -16          0.0000;
   535    4.737             -16             -16             -11             -12          0.0000;
   536    4.746             -16             -16              -7              -9          0.0000;
   537    4.755             -15             -15              -4              -6          0.0000;
   538    4.764             -14             -14              -3              -5          0.0000;
   539    4.772             -13             -13              -4              -5          0.0000;
   540    4.781             -12             -11              -5              -7          0.0000;
   541    4.790             -11             -10              -8              -8          0.0000;
   542    4.799             -10              -9             -11             -10          0.0000;
   543    4.808              -9              -8             -14             -12          0.0000;
   544    4.817              -8              -8             -16             -14          0.0000;
   545    4.826              -8              -9             -17             -15          0.0000;
   546    4.834              -9             -10             -18             -15          0.0000;
   547    4.843             -11             -11             -16             -14          0.0000;
   548    4.852             -12             -13             -14             -14          0.0000;
   549    4.861             -14             -15             -13             -12          0.0000;
   550    4.870             -15             -16             -11             -11          0.0000;
   551    4.879             -16             -17             -10             -10          0.0000;
   552    4.888             -17             -17             -10             -10          0.0000;
   553    4.896             -18             -18             -11             -10          0.0000;
   554    4.905             -18             -18             -12             -12          0.0000;
   555    4.914             -16             -16             -14             -13          0.0000;
   556    4.923             -16             -15             -17             -14          0.0000;
   557    4.932             -15             -15             -18             -16          0.0000;
   558    4.941             -14             -14             -20             -17          0.0000;
   559    4.949             -14             -13             -21             -18          0.0000;
   560    4.958             -13             -13             -19             -17          0.0000;
   561    4.967             -13             -13             -17             -16          0.0000;
   562    4.976             -13             -14             -16             -14          0.0000;
   563    4.985             -14             -14             -13             -13          0.0000;
   564    4.994             -14             -14             -11             -11          0.0000;
   565    5.003             -15             -15              -9             -10          0.0000;
   566    5.011             -15             -15              -9              -9          0.0000;
   567    5.020             -15             -15              -9              -9          0.0000;
   568    5.029             -16             -14             -10              -9          0.0000;
   569    5.038             -14             -14             -11             -11          0.0000;
   570    5.047             -14             -14             -13             -12          0.0000;
   571    5.056             -14             -14             -15             -14          0.0000;
   572    5.065             -13             -13             -17             -15          0.0000;
   573    5.073             -13             -13             -18             -16          0.0000;
   574    5.082             -14             -14             -19             -16          0.0000;
   575    5.091             -14             -14             -19             -16          0.0000;
   576    5.100             -14             -15             -17             -16          0.0000;
   577    5.109             -15             -15             -16             -15          0.0000;
   578    5.118             -16             -16             -14             -13          0.0000;
   579    5.127             -16             -16             -13             -13          0.0000;
   580    5.135             -17             -17             -12             -12          0.0000;
   581    5.144             -17             -17             -12             -11          0.0000;
   582    5.153             -17             -17             -12             -11          0.0000;
   583    5.162             -15             -15             -13             -13          0.0000;
   584    5.171             -15             -14             -14             -13          0.0000;
   585    5.180             -14             -14             -15             -14          0.0000;
   586    5.189             -14             -13             -16             -14          0.0000;
   587    5.197             -13             -13             -17             -15          0.0000;
   588    5.206             -13             -13             -17             -15          0.0000;
   589    5.215             -13             -13             -17             -15          0.0000;
   590    5.224             -14             -14             -15             -14          0.0000;
   591    5.233             -14             -14             -14             -14          0.0000;
   592    5.242             -14             -15             -13             -13          0.0000;
   593    5.251             -15             -15             -12             -12          0.0000;
   594    5.259             -15             -16             -12             -12          0.0000;
   595    5.268             -16             -16             -12             -11          0.0000;
   596    5.277             -16             -16             -13             -13          0.0000;
   597    5.286             -15             -15             -14             -13          0.0000;
   598    5.295             -15             -15             -15             -14          0.0000;
   599    5.304             -15             -15             -16             -14          0.0000;
   600    5.313             -14             -14             -17             -15          0.0000;
   601    5.321             -14             -14             -18             -15          0.0000;
   602    5.330             -14             -14             -18             -16          0.0000;
   603    5.339             -14             -14             -16             -15          0.0000;
   604    5.348             -14             -14             -15             -15          0.0000;
   605    5.357             -14             -14             -14             -14          0.0000;
   606    5.366             -15             -15             -13             -13          0.0000;
   607    5.374             -15             -15             -12             -12          0.0000;
   608    5.383             -15             -15             -12             -12          0.0000;
   609    5.392             -15             -15             -12             -11          0.0000;
   610    5.401             -15             -15             -12             -13          0.0000;
   611    5.410             -15             -15             -13             -13          0.0000;
   612    5.419             -14             -14             -14             -13          0.0000;
   613    5.428             -14             -14             -15             -14          0.0000;
   614    5.436             -14             -14             -16             -14          0.0000;
   615    5.445             -14             -14             -17             -15          0.0000;
   616    5.454             -14             -14             -17             -15          0.0000;
   617    5.463             -14             -14             -17             -15          0.0000;
   618    5.472             -14             -15             -17             -14          0.0000;
   619    5.481             -15             -15             -15             -14          0.0000;
   620    5.490             -15             -15             -14             -14          0.0000;
   621    5.498             -15             -15             -13             -13          0.0000;
   622    5.507             -15             -15             -13             -13          0.0000;
   623    5.516             -15             -15             -13             -12          0.0000;
   624    5.525             -15             -15             -13             -12          0.0000;
   625    5.534             -15             -15             -14             -14          0.0000;
   626    5.543             -15             -14             -14             -14          0.0000;
   627    5.552             -14             -14             -15             -14          0.0000;
   628    5.560             -14             -14             -16             -14          0.0000;
   629    5.569             -14             -14             -16             -14          0.0000;
   630    5.578             -14             -14             -17             -14          0.0000;
   631    5.587             -14             -14             -15             -14          0.0000;
   632    5.596             -14             -14             -15             -14          0.0000;
   633    5.605             -14             -15             -14             -14          0.0000;
   634    5.614             -15             -15             -13             -14          0.0000;
   635    5.622             -15             -15             -13             -13          0.0000;
   636    5.631             -15             -15             -13             -13          0.0000;
   637    5.640             -15             -15             -13             -13          0.0000;
   638    5.649             -15             -15             -14             -14          0.0000;
   639    5.658             -15             -15             -14             -14          0.0000;
   640    5.667             -15             -15             -15             -14          0.0000;
   641    5.676             -15             -14             -16             -14          0.0000;
   642    5.684             -14             -14             -16             -14          0.0000;
   643    5.693             -14             -14             -17             -14          0.0000;
   644    5.702             -14             -14             -17             -14          0.0000;
   645    5.711             -14             -14             -15             -14          0.0000;
   646    5.720             -14             -15             -14             -14          0.0000;
   647    5.729             -15             -15             -14             -14          0.0000;
   648    5.738             -15             -15             -13             -14          0.0000;
   649    5.746             -15             -15             -13             -13          0.0000;
   650    5.755             -15             -15             -13             -13          0.0000;
   651    5.764             -15             -15             -13             -12          0.0000;
   652    5.773             -15             -15             -14             -14          0.0000;
   653    5.782             -15             -15             -14             -14          0.0000;
   654    5.791             -15             -14             -15             -14          0.0000;
   655    5.799             -14             -14             -15             -14          0.0000;
   656    5.808             -14             -14             -16             -14          0.0000;
   657    5.817             -14             -14             -16             -14          0.0000;
   658    5.826             -14             -15             -15             -14          0.0000;
   659    5.835             -15             -15             -15             -14          0.0000;
   660    5.844             -15             -15             -15             -14          0.0000;
   661    5.853             -15             -15             -14             -14          0.0000;
   662    5.861             -15             -15             -14             -14          0.0000;
   663    5.870             -15             -15             -14             -14          0.0000;
   664    5.879             -15             -15             -14             -14          0.0000;
   665    5.888             -15             -15             -14             -14          0.0000;
   666    5.897             -15             -15             -14             -14          0.0000;
   667    5.906             -15             -15             -14             -14          0.0000;
   668    5.915             -14             -14             -15             -14          0.0000;
   669    5.923             -14             -14             -15             -14          0.0000;
   670    5.932             -14             -14             -15             -14          0.0000;
   671    5.941             -14             -14             -15             -14          0.0000;
   672    5.950             -14             -15             -15             -14          0.0000;
   673    5.959             -15             -15             -15             -14          0.0000;
   674    5.968             -15             -15             -14             -14          0.0000;
   675    5.977             -15             -15             -14             -14          0.0000;
   676    5.985             -15             -15             -14             -14          0.0000]
