 Sample   Time     Commanded Pos   Encoder 1 Pos   Encoder 2 Pos   Control Effort

[    0    0.000               0               0               0          0.5000;
     1    0.009               0               1               0          0.5000;
     2    0.018               0               7               0          0.5000;
     3    0.027               0              16               0          0.5000;
     4    0.035               0              29               1          0.5000;
     5    0.044               1              46               2          0.5000;
     6    0.053               3              65               5          0.5000;
     7    0.062               6              86               9          0.5000;
     8    0.071              10             109              15          0.5000;
     9    0.080              17             134              23          0.5000;
    10    0.089              28             160              34          0.5000;
    11    0.097              41             186              48          0.5000;
    12    0.106              58             212              65          0.5000;
    13    0.115              78             237              86          0.5000;
    14    0.124             102             261             111          0.5000;
    15    0.133             129             285             139          0.5000;
    16    0.142             160             307             171          0.5000;
    17    0.151             194             328             205          0.5000;
    18    0.159             231             349             243          0.5000;
    19    0.168             271             369             283          0.5000;
    20    0.177             313             389             324          0.5000;
    21    0.186             356             410             367          0.5000;
    22    0.195             399             431             410          0.5000;
    23    0.204             442             454             453          0.5000;
    24    0.213             484             478             496          0.5000;
    25    0.221             524             504             538          0.5000;
    26    0.230             563             533             578          0.5000;
    27    0.239             603             564             617          0.5000;
    28    0.248             639             598             653          0.5000;
    29    0.257             673             635             688          0.5000;
    30    0.266             707             675             720          0.5000;
    31    0.274             739             718             751          0.5000;
    32    0.283             768             763             780          0.5000;
    33    0.292             796             809             809          0.5000;
    34    0.301             824             855             836          0.5000;
    35    0.310             852             902             864          0.5000;
    36    0.319             879             948             892          0.5000;
    37    0.328             907             993             921          0.5000;
    38    0.336             938            1038             952          0.5000;
    39    0.345             969            1082             984          0.5000;
    40    0.354            1004            1123            1018          0.5000;
    41    0.363            1041            1163            1055          0.5000;
    42    0.372            1081            1201            1094          0.5000;
    43    0.381            1123            1238            1135          0.5000;
    44    0.390            1167            1273            1178          0.5000;
    45    0.398            1213            1307            1224          0.5000;
    46    0.407            1259            1339            1271          0.5000;
    47    0.416            1307            1369            1320          0.5000;
    48    0.425            1356            1401            1369          0.5000;
    49    0.434            1404            1433            1418          0.5000;
    50    0.443            1456            1468            1467          0.5000;
    51    0.452            1505            1505            1516          0.5000;
    52    0.460            1556            1546            1565          0.5000;
    53    0.469            1603            1589            1612          0.5000;
    54    0.478            1647            1635            1658          0.5000;
    55    0.487            1693            1684            1703          0.5000;
    56    0.496            1736            1736            1747          0.5000;
    57    0.505            1778            1791            1790          0.5000;
    58    0.514            1820            1850            1833          0.5000;
    59    0.522            1864            1912            1875          0.5000;
    60    0.531            1908            1978            1919          0.5000;
    61    0.540            1955            2046            1963          0.5000;
    62    0.549            2000            2116            2009          0.5000;
    63    0.558            2047            2188            2057          0.5000;
    64    0.567            2099            2259            2109          0.5000;
    65    0.576            2152            2332            2164          0.5000;
    66    0.584            2211            2404            2223          0.5000;
    67    0.593            2275            2476            2286          0.5000;
    68    0.602            2346            2547            2353          0.5000;
    69    0.611            2418            2617            2426          0.5000;
    70    0.620            2492            2685            2503          0.5000;
    71    0.629            2575            2751            2584          0.5000;
    72    0.638            2658            2815            2669          0.5000;
    73    0.646            2751            2879            2758          0.5000;
    74    0.655            2842            2943            2850          0.5000;
    75    0.664            2935            3006            2943          0.5000;
    76    0.673            3029            3070            3038          0.5000;
    77    0.682            3128            3135            3133          0.5000;
    78    0.691            3224            3200            3229          0.5000;
    79    0.699            3316            3268            3323          0.5000;
    80    0.708            3408            3338            3415          0.5000;
    81    0.717            3498            3411            3504          0.5000;
    82    0.726            3586            3487            3591          0.5000;
    83    0.735            3671            3567            3675          0.5000;
    84    0.744            3750            3648            3756          0.5000;
    85    0.753            3826            3733            3833          0.5000;
    86    0.761            3902            3821            3908          0.5000;
    87    0.770            3977            3912            3980          0.5000;
    88    0.779            4045            4006            4049          0.5000;
    89    0.788            4114            4101            4118          0.5000;
    90    0.797            4180            4199            4186          0.5000;
    91    0.806            4248            4298            4253          0.5000;
    92    0.815            4316            4399            4322          0.5000;
    93    0.823            4388            4501            4392          0.5000;
    94    0.832            4461            4603            4465          0.5000;
    95    0.841            4535            4706            4541          0.5000;
    96    0.850            4617            4809            4621          0.5000;
    97    0.859            4699            4911            4705          0.5000;
    98    0.868            4792            5012            4795          0.5000;
    99    0.877            4887            5112            4890          0.5000;
   100    0.885            4983            5210            4990          0.5000;
   101    0.894            5091            5307            5096          0.5000;
   102    0.903            5205            5400            5206          0.5000;
   103    0.912            5316            5492            5322          0.5000;
   104    0.921            5438            5583            5441          0.5000;
   105    0.930            5561            5673            5565          0.5000;
   106    0.939            5687            5762            5690          0.5000;
   107    0.947            5813            5851            5817          0.5000;
   108    0.956            5940            5941            5944          0.5000;
   109    0.965            6068            6032            6071          0.5000;
   110    0.974            6195            6126            6197          0.5000;
   111    0.983            6316            6223            6320          0.5000;
   112    0.992            6437            6322            6440          0.5000;
   113    1.001            6557            6426            6557          0.5000;
   114    1.009            6667            6533            6670          0.5000;
   115    1.018            6776            6645            6778          0.5000;
   116    1.027            6884            6762            6883          0.5000;
   117    1.036            6981            6884            6984          0.5000;
   118    1.045            7079            7010            7082          0.5000;
   119    1.054            7177            7141            7178          0.5000;
   120    1.063            7272            7276            7273          0.5000;
   121    1.071            7363            7415            7367          0.5000;
   122    1.080            7460            7556            7461          0.5000;
   123    1.089            7556            7700            7558          0.5000;
   124    1.098            7655            7844            7659          0.5000;
   125    1.107            7761            7987            7763          0.5000;
   126    1.116            7871            8127            7873          0.5000;
   127    1.124            7984            8263            7989          0.5000;
   128    1.133            8110            8395            8112          0.5000;
   129    1.142            8238            8521            8241          0.5000;
   130    1.151            8371            8641            8377          0.5000;
   131    1.160            8517            8757            8519          0.5000;
   132    1.169            8663            8867            8667          0.5000;
   133    1.178            8814            8973            8819          0.5000;
   134    1.186            8973            9076            8975          0.5000;
   135    1.195            9128            9178            9133          0.5000;
   136    1.204            9285            9279            9291          0.5000;
   137    1.213            9445            9382            9448          0.5000;
   138    1.222            9598            9488            9603          0.5000;
   139    1.231            9748            9599            9753          0.5000;
   140    1.240            9897            9716            9899          0.5000;
   141    1.248           10037            9840           10040          0.5000;
   142    1.257           10168            9973           10174          0.5000;
   143    1.266           10300           10114           10303          0.5000;
   144    1.275           10421           10264           10425          0.5000;
   145    1.284           10536           10421           10543          0.5000;
   146    1.293           10652           10585           10657          0.5000;
   147    1.302           10763           10753           10768          0.5000;
   148    1.310           10869           10925           10878          0.5000;
   149    1.319           10983           11097           10988          0.5000;
   150    1.328           11095           11268           11100          0.5000;
   151    1.337           11207           11435           11215          0.5000;
   152    1.346           11330           11599           11336          0.5000;
   153    1.355           11455           11757           11462          0.5000;
   154    1.364           11586           11909           11594          0.5000;
   155    1.372           11729           12055           11735          0.5000;
   156    1.381           11875           12195           11882          0.5000;
   157    1.390           12028           12330           12037          0.5000;
   158    1.399           12190           12461           12198          0.5000;
   159    1.408           12360           12591           12365          0.5000;
   160    1.417           12526           12719           12537          0.5000;
   161    1.426           12706           12848           12713          0.5000;
   162    1.434           12885           12977           12891          0.5000;
   163    1.443           13058           13109           13070          0.5000;
   164    1.452           13244           13243           13249          0.5000;
   165    1.461           13418           13381           13427          0.5000;
   166    1.470           13593           13523           13603          0.5000;
   167    1.479           13765           13669           13776          0.5000;
   168    1.488           13936           13819           13944          0.5000;
   169    1.496           14096           13973           14109          0.5000;
   170    1.505           14259           14131           14268          0.5000;
   171    1.514           14417           14293           14423          0.5000;
   172    1.523           14558           14458           14574          0.5000;
   173    1.532           14712           14627           14720          0.5000;
   174    1.541           14856           14799           14863          0.5000;
   175    1.549           14987           14973           15003          0.5000;
   176    1.558           15132           15151           15142          0.5000;
   177    1.567           15271           15332           15280          0.5000;
   178    1.576           15401           15515           15418          0.5000;
   179    1.585           15549           15699           15558          0.5000;
   180    1.594           15688           15884           15701          0.5000;
   181    1.603           15833           16068           15847          0.5000;
   182    1.611           15992           16248           15999          0.5000;
   183    1.620           16141           16424           16156          0.5000;
   184    1.629           16305           16595           16319          0.5000;
   185    1.638           16481           16760           16489          0.5000;
   186    1.647           16651           16919           16665          0.5000;
   187    1.656           16836           17073           16847          0.5000;
   188    1.665           17021           17222           17034          0.5000;
   189    1.673           17216           17367           17226          0.5000;
   190    1.682           17403           17511           17420          0.5000;
   191    1.691           17612           17656           17616          0.5000;
   192    1.700           17798           17802           17813          0.5000;
   193    1.709           18000           17952           18008          0.5000;
   194    1.718           18190           18108           18201          0.5000;
   195    1.727           18385           18269           18392          0.5000;
   196    1.735           18566           18437           18579          0.5000;
   197    1.744           18755           18613           18762          0.5000;
   198    1.753           18931           18795           18940          0.5000;
   199    1.762           19107           18982           19114          0.5000;
   200    1.771           19281           19175           19285          0.5000;
   201    1.780           19443           19370           19452          0.5000;
   202    1.789           19610           19567           19617          0.5000;
   203    1.797           19773           19765           19780          0.5000;
   204    1.806           19937           19963           19943          0.5000;
   205    1.815           20098           20161           20106          0.5000;
   206    1.824           20262           20359           20271          0.5000;
   207    1.833           20431           20557           20437          0.5000;
   208    1.842           20595           20754           20606          0.5000;
   209    1.851           20773           20952           20779          0.5000;
   210    1.859           20946           21148           20957          0.5000;
   211    1.868           21129           21343           21139          0.5000;
   212    1.877           21319           21535           21326          0.5000;
   213    1.886           21508           21723           21519          0.5000;
   214    1.895           21707           21908           21717          0.5000;
   215    1.904           21911           22089           21920          0.5000;
   216    1.913           22116           22266           22127          0.5000;
   217    1.921           22327           22440           22338          0.5000;
   218    1.930           22542           22612           22551          0.5000;
   219    1.939           22756           22783           22765          0.5000;
   220    1.948           22968           22955           22980          0.5000;
   221    1.957           23188           23129           23194          0.5000;
   222    1.966           23393           23308           23406          0.5000;
   223    1.974           23606           23493           23616          0.5000;
   224    1.983           23815           23684           23822          0.5000;
   225    1.992           24013           23882           24024          0.5000;
   226    2.001           24212           24086           24223          0.5000;
   227    2.010           24413           24294           24417          0.5000;
   228    2.019           24596           24507           24608          0.5000;
   229    2.028           24786           24721           24797          0.5000;
   230    2.036           24977           24937           24983          0.5000;
   231    2.045           25155           25155           25168          0.5000;
   232    2.054           25341           25372           25353          0.5000;
   233    2.063           25530           25589           25537          0.5000;
   234    2.072           25709           25807           25723          0.5000;
   235    2.081           25897           26024           25910          0.5000;
   236    2.090           26094           26241           26100          0.5000;
   237    2.098           26278           26459           26293          0.5000;
   238    2.107           26478           26675           26490          0.5000;
   239    2.116           26682           26889           26692          0.5000;
   240    2.125           26885           27099           26898          0.5000;
   241    2.134           27095           27305           27109          0.5000;
   242    2.143           27316           27506           27325          0.5000;
   243    2.152           27529           27702           27545          0.5000;
   244    2.160           27752           27895           27768          0.5000;
   245    2.169           27984           28085           27995          0.5000;
   246    2.178           28203           28273           28222          0.5000;
   247    2.187           28438           28462           28451          0.5000;
   248    2.196           28662           28653           28679          0.5000;
   249    2.205           28891           28849           28906          0.5000;
   250    2.214           29114           29049           29130          0.5000;
   251    2.222           29336           29255           29352          0.5000;
   252    2.231           29555           29465           29570          0.5000;
   253    2.240           29763           29679           29785          0.5000;
   254    2.249           29984           29897           29996          0.5000;
   255    2.258           30184           30119           30204          0.5000;
   256    2.267           30394           30341           30409          0.5000;
   257    2.276           30594           30566           30612          0.5000;
   258    2.284           30798           30792           30812          0.5000;
   259    2.293           30990           31018           31011          0.5000;
   260    2.302           31196           31247           31210          0.5000;
   261    2.311           31389           31476           31409          0.5000;
   262    2.320           31595           31708           31609          0.5000;
   263    2.329           31793           31941           31812          0.5000;
   264    2.338           32007           32172           32016          0.5000;
   265    2.346           32204           32402           32225          0.5000;
   266    2.355           32426           32627           32437          0.5000;
   267    2.364           32638           32849           32653          0.5000;
   268    2.373           32861           33066           32875          0.5000;
   269    2.382           33086           33279           33100          0.5000;
   270    2.391           33318           33489           33330          0.5000;
   271    2.399           33553           33696           33563          0.5000;
   272    2.408           33784           33902           33800          0.5000;
   273    2.417           34034           34110           34038          0.5000;
   274    2.426           34260           34319           34278          0.5000;
   275    2.435           34515           34530           34519          0.5000;
   276    2.444           34753           34744           34759          0.5000;
   277    2.453           34983           34962           34998          0.5000;
   278    2.461           35243           35182           35237          0.5000;
   279    2.470           35460           35403           35473          0.5000;
   280    2.479           35700           35627           35706          0.5000;
   281    2.488           35939           35852           35938          0.5000;
   282    2.497           36157           36079           36167          0.5000;
   283    2.506           36392           36309           36393          0.5000;
   284    2.515           36614           36544           36617          0.5000;
   285    2.523           36836           36783           36839          0.5000;
   286    2.532           37052           37026           37059          0.5000;
   287    2.541           37279           37273           37277          0.5000;
   288    2.550           37487           37522           37495          0.5000;
   289    2.559           37711           37772           37713          0.5000;
   290    2.568           37933           38021           37933          0.5000;
   291    2.577           38145           38269           38154          0.5000;
   292    2.585           38376           38514           38378          0.5000;
   293    2.594           38606           38756           38605          0.5000;
   294    2.603           38830           38996           38835          0.5000;
   295    2.612           39065           39233           39069          0.5000;
   296    2.621           39311           39469           39308          0.5000;
   297    2.630           39541           39706           39549          0.5000;
   298    2.639           39792           39941           39795          0.5000;
   299    2.647           40048           40176           40044          0.5000;
   300    2.656           40284           40408           40296          0.5000;
   301    2.665           40548           40638           40549          0.5000;
   302    2.674           40808           40866           40805          0.5000;
   303    2.683           41047           41092           41061          0.5000;
   304    2.692           41318           41317           41318          0.5000;
   305    2.701           41576           41543           41573          0.5000;
   306    2.709           41814           41771           41828          0.5000;
   307    2.718           42081           42003           42079          0.5000;
   308    2.727           42327           42239           42328          0.5000;
   309    2.736           42562           42480           42574          0.5000;
   310    2.745           42817           42727           42817          0.5000;
   311    2.754           43050           42979           43056          0.5000;
   312    2.763           43284           43233           43293          0.5000;
   313    2.771           43523           43488           43526          0.5000;
   314    2.780           43752           43745           43758          0.5000;
   315    2.789           43980           44001           43988          0.5000;
   316    2.798           44210           44259           44218          0.5000;
   317    2.807           44445           44517           44448          0.5000;
   318    2.816           44663           44776           44678          0.5000;
   319    2.824           44908           45037           44910          0.5000;
   320    2.833           45139           45297           45144          0.5000;
   321    2.842           45365           45557           45382          0.5000;
   322    2.851           45621           45813           45623          0.5000;
   323    2.860           45852           46066           45868          0.5000;
   324    2.869           46104           46314           46117          0.5000;
   325    2.878           46364           46557           46370          0.5000;
   326    2.886           46607           46796           46627          0.5000;
   327    2.895           46883           47031           46887          0.5000;
   328    2.904           47136           47265           47150          0.5000;
   329    2.913           47395           47500           47416          0.5000;
   330    2.922           47685           47736           47682          0.5000;
   331    2.931           47928           47975           47949          0.5000;
   332    2.940           48195           48215           48216          0.5000;
   333    2.948           48493           48456           48481          0.5000;
   334    2.957           48720           48699           48746          0.5000;
   335    2.966           48985           48944           49009          0.5000;
   336    2.975           49287           49190           49269          0.5000;
   337    2.984           49496           49438           49526          0.5000;
   338    2.993           49761           49690           49781          0.5000;
   339    3.002           50055           49946           50032          0.0000;
   340    3.010           50244           50204           50281          0.0000;
   341    3.019           50514           50463           50527          0.0000;
   342    3.028           50791           50721           50771          0.0000;
   343    3.037           50978           50979           51013          0.0000;
   344    3.046           51252           51234           51254          0.0000;
   345    3.055           51507           51485           51494          0.0000;
   346    3.064           51705           51732           51734          0.0000;
   347    3.072           51969           51975           51974          0.0000;
   348    3.081           52219           52214           52213          0.0000;
   349    3.090           52431           52451           52452          0.0000;
   350    3.099           52676           52686           52691          0.0000;
   351    3.108           52938           52919           52929          0.0000;
   352    3.117           53146           53150           53168          0.0000;
   353    3.126           53387           53380           53404          0.0000;
   354    3.134           53653           53608           53641          0.0000;
   355    3.143           53849           53832           53876          0.0000;
   356    3.152           54099           54055           54110          0.0000;
   357    3.161           54351           54274           54343          0.0000;
   358    3.170           54548           54490           54573          0.0000;
   359    3.179           54792           54704           54801          0.0000;
   360    3.188           55031           54917           55027          0.0000;
   361    3.196           55226           55129           55249          0.0000;
   362    3.205           55455           55343           55468          0.0000;
   363    3.214           55690           55557           55684          0.0000;
   364    3.223           55873           55773           55896          0.0000;
   365    3.232           56093           55989           56105          0.0000;
   366    3.241           56315           56207           56310          0.0000;
   367    3.249           56491           56423           56513          0.0000;
   368    3.258           56700           56636           56713          0.0000;
   369    3.267           56917           56848           56911          0.0000;
   370    3.276           57083           57056           57107          0.0000;
   371    3.285           57288           57261           57302          0.0000;
   372    3.294           57498           57464           57495          0.0000;
   373    3.303           57664           57663           57687          0.0000;
   374    3.311           57863           57861           57878          0.0000;
   375    3.320           58072           58056           58068          0.0000;
   376    3.329           58232           58249           58257          0.0000;
   377    3.338           58433           58441           58446          0.0000;
   378    3.347           58635           58631           58634          0.0000;
   379    3.356           58800           58819           58822          0.0000;
   380    3.365           58994           59004           59009          0.0000;
   381    3.373           59197           59185           59196          0.0000;
   382    3.382           59356           59364           59381          0.0000;
   383    3.391           59552           59539           59566          0.0000;
   384    3.400           59749           59711           59749          0.0000;
   385    3.409           59905           59880           59931          0.0000;
   386    3.418           60096           60047           60111          0.0000;
   387    3.427           60285           60213           60289          0.0000;
   388    3.435           60438           60378           60464          0.0000;
   389    3.444           60616           60544           60636          0.0000;
   390    3.453           60802           60711           60805          0.0000;
   391    3.462           60944           60878           60971          0.0000;
   392    3.471           61115           61046           61133          0.0000;
   393    3.480           61289           61214           61293          0.0000;
   394    3.489           61421           61383           61449          0.0000;
   395    3.497           61588           61551           61604          0.0000;
   396    3.506           61747           61717           61756          0.0000;
   397    3.515           61881           61881           61907          0.0000;
   398    3.524           62040           62043           62056          0.0000;
   399    3.533           62194           62201           62205          0.0000;
   400    3.542           62328           62354           62352          0.0000;
   401    3.551           62481           62504           62499          0.0000;
   402    3.559           62633           62650           62645          0.0000;
   403    3.568           62768           62793           62790          0.0000;
   404    3.577           62915           62932           62935          0.0000;
   405    3.586           63067           63069           63078          0.0000;
   406    3.595           63200           63205           63221          0.0000;
   407    3.604           63343           63340           63363          0.0000;
   408    3.613           63492           63473           63504          0.0000;
   409    3.621           63624           63605           63643          0.0000;
   410    3.630           63762           63736           63781          0.0000;
   411    3.639           63905           63867           63916          0.0000;
   412    3.648           64032           63998           64050          0.0000;
   413    3.657           64167           64128           64182          0.0000;
   414    3.666           64299           64257           64311          0.0000;
   415    3.674           64422           64385           64438          0.0000;
   416    3.683           64552           64511           64564          0.0000;
   417    3.692           64674           64635           64688          0.0000;
   418    3.701           64796           64756           64809          0.0000;
   419    3.710           64915           64876           64929          0.0000;
   420    3.719           65032           64994           65046          0.0000;
   421    3.728           65151           65110           65162          0.0000;
   422    3.736           65264           65224           65276          0.0000;
   423    3.745           65375           65336           65388          0.0000;
   424    3.754           65486           65447           65498          0.0000;
   425    3.763           65599           65558           65606          0.0000;
   426    3.772           65701           65667           65713          0.0000;
   427    3.781           65806           65776           65817          0.0000;
   428    3.790           65911           65885           65920          0.0000;
   429    3.798           66015           65994           66022          0.0000;
   430    3.807           66115           66102           66123          0.0000;
   431    3.816           66211           66209           66223          0.0000;
   432    3.825           66314           66315           66321          0.0000;
   433    3.834           66414           66420           66420          0.0000;
   434    3.843           66509           66523           66518          0.0000;
   435    3.852           66607           66624           66615          0.0000;
   436    3.860           66704           66723           66713          0.0000;
   437    3.869           66805           66820           66810          0.0000;
   438    3.878           66901           66915           66908          0.0000;
   439    3.887           66998           67006           67005          0.0000;
   440    3.896           67097           67094           67102          0.0000;
   441    3.905           67195           67179           67198          0.0000;
   442    3.914           67290           67261           67294          0.0000;
   443    3.922           67384           67340           67389          0.0000;
   444    3.931           67473           67417           67481          0.0000;
   445    3.940           67570           67491           67572          0.0000;
   446    3.949           67657           67564           67660          0.0000;
   447    3.958           67740           67635           67745          0.0000;
   448    3.967           67822           67704           67828          0.0000;
   449    3.976           67904           67773           67906          0.0000;
   450    3.984           67978           67841           67981          0.0000;
   451    3.993           68050           67909           68052          0.0000;
   452    4.002           68118           67978           68119          0.0000;
   453    4.011           68177           68047           68182          0.0000;
   454    4.020           68237           68116           68241          0.0000;
   455    4.029           68293           68185           68296          0.0000;
   456    4.038           68345           68255           68348          0.0000;
   457    4.046           68395           68325           68398          0.0000;
   458    4.055           68443           68395           68445          0.0000;
   459    4.064           68488           68464           68491          0.0000;
   460    4.073           68531           68532           68535          0.0000;
   461    4.082           68576           68598           68579          0.0000;
   462    4.091           68619           68663           68624          0.0000;
   463    4.099           68664           68724           68669          0.0000;
   464    4.108           68712           68784           68715          0.0000;
   465    4.117           68760           68839           68762          0.0000;
   466    4.126           68809           68891           68812          0.0000;
   467    4.135           68860           68940           68863          0.0000;
   468    4.144           68912           68986           68916          0.0000;
   469    4.153           68965           69029           68970          0.0000;
   470    4.161           69020           69069           69025          0.0000;
   471    4.170           69077           69106           69081          0.0000;
   472    4.179           69135           69141           69137          0.0000;
   473    4.188           69192           69174           69193          0.0000;
   474    4.197           69247           69207           69249          0.0000;
   475    4.206           69300           69240           69302          0.0000;
   476    4.215           69352           69273           69354          0.0000;
   477    4.223           69400           69306           69404          0.0000;
   478    4.232           69446           69340           69450          0.0000;
   479    4.241           69491           69374           69493          0.0000;
   480    4.250           69531           69410           69533          0.0000;
   481    4.259           69567           69446           69569          0.0000;
   482    4.268           69600           69484           69602          0.0000;
   483    4.277           69629           69523           69631          0.0000;
   484    4.285           69655           69561           69657          0.0000;
   485    4.294           69678           69600           69680          0.0000;
   486    4.303           69698           69638           69700          0.0000;
   487    4.312           69716           69675           69719          0.0000;
   488    4.321           69733           69709           69736          0.0000;
   489    4.330           69749           69743           69752          0.0000;
   490    4.339           69764           69774           69768          0.0000;
   491    4.347           69779           69803           69783          0.0000;
   492    4.356           69795           69828           69798          0.0000;
   493    4.365           69810           69849           69814          0.0000;
   494    4.374           69827           69867           69831          0.0000;
   495    4.383           69844           69880           69848          0.0000;
   496    4.392           69861           69890           69865          0.0000;
   497    4.401           69880           69895           69883          0.0000;
   498    4.409           69897           69897           69901          0.0000;
   499    4.418           69915           69896           69918          0.0000;
   500    4.427           69932           69893           69934          0.0000;
   501    4.436           69947           69888           69949          0.0000;
   502    4.445           69960           69882           69962          0.0000;
   503    4.454           69971           69876           69973          0.0000;
   504    4.463           69978           69870           69980          0.0000;
   505    4.471           69983           69865           69985          0.0000;
   506    4.480           69984           69861           69986          0.0000;
   507    4.489           69983           69859           69983          0.0000;
   508    4.498           69978           69858           69977          0.0000;
   509    4.507           69971           69858           69967          0.0000;
   510    4.516           69959           69859           69955          0.0000;
   511    4.524           69945           69861           69940          0.0000;
   512    4.533           69928           69862           69922          0.0000;
   513    4.542           69908           69863           69903          0.0000;
   514    4.551           69888           69863           69883          0.0000;
   515    4.560           69868           69861           69862          0.0000;
   516    4.569           69847           69857           69842          0.0000;
   517    4.578           69827           69852           69821          0.0000;
   518    4.586           69807           69844           69802          0.0000;
   519    4.595           69789           69834           69783          0.0000;
   520    4.604           69771           69821           69766          0.0000;
   521    4.613           69756           69806           69750          0.0000;
   522    4.622           69742           69789           69735          0.0000;
   523    4.631           69729           69770           69722          0.0000;
   524    4.640           69717           69750           69710          0.0000;
   525    4.648           69707           69729           69700          0.0000;
   526    4.657           69697           69707           69690          0.0000;
   527    4.666           69688           69685           69680          0.0000;
   528    4.675           69679           69662           69671          0.0000;
   529    4.684           69670           69640           69661          0.0000;
   530    4.693           69660           69617           69651          0.0000;
   531    4.702           69649           69596           69641          0.0000;
   532    4.710           69638           69575           69629          0.0000;
   533    4.719           69625           69556           69615          0.0000;
   534    4.728           69610           69538           69600          0.0000;
   535    4.737           69593           69522           69584          0.0000;
   536    4.746           69576           69508           69566          0.0000;
   537    4.755           69556           69496           69547          0.0000;
   538    4.764           69535           69486           69526          0.0000;
   539    4.772           69514           69477           69505          0.0000;
   540    4.781           69492           69470           69483          0.0000;
   541    4.790           69468           69464           69460          0.0000;
   542    4.799           69446           69458           69438          0.0000;
   543    4.808           69425           69452           69416          0.0000;
   544    4.817           69404           69446           69395          0.0000;
   545    4.826           69385           69440           69376          0.0000;
   546    4.834           69368           69432           69359          0.0000;
   547    4.843           69353           69424           69343          0.0000;
   548    4.852           69340           69414           69330          0.0000;
   549    4.861           69329           69403           69319          0.0000;
   550    4.870           69320           69390           69310          0.0000;
   551    4.879           69314           69377           69304          0.0000;
   552    4.888           69310           69362           69300          0.0000;
   553    4.896           69307           69346           69297          0.0000;
   554    4.905           69306           69330           69296          0.0000;
   555    4.914           69306           69313           69296          0.0000;
   556    4.923           69306           69297           69296          0.0000;
   557    4.932           69306           69283           69297          0.0000;
   558    4.941           69306           69269           69297          0.0000;
   559    4.949           69306           69258           69297          0.0000;
   560    4.958           69305           69248           69295          0.0000;
   561    4.967           69303           69241           69293          0.0000;
   562    4.976           69299           69237           69289          0.0000;
   563    4.985           69295           69235           69284          0.0000;
   564    4.994           69289           69236           69278          0.0000;
   565    5.003           69282           69238           69271          0.0000;
   566    5.011           69274           69243           69263          0.0000;
   567    5.020           69266           69248           69255          0.0000;
   568    5.029           69258           69254           69247          0.0000;
   569    5.038           69250           69260           69239          0.0000;
   570    5.047           69243           69265           69232          0.0000;
   571    5.056           69237           69270           69226          0.0000;
   572    5.065           69232           69273           69221          0.0000;
   573    5.073           69229           69275           69218          0.0000;
   574    5.082           69227           69275           69216          0.0000;
   575    5.091           69227           69274           69216          0.0000;
   576    5.100           69228           69271           69218          0.0000;
   577    5.109           69230           69267           69221          0.0000;
   578    5.118           69233           69262           69226          0.0000;
   579    5.127           69238           69257           69231          0.0000;
   580    5.135           69243           69253           69238          0.0000;
   581    5.144           69249           69248           69244          0.0000;
   582    5.153           69255           69245           69251          0.0000;
   583    5.162           69261           69243           69257          0.0000;
   584    5.171           69266           69242           69263          0.0000;
   585    5.180           69271           69243           69268          0.0000;
   586    5.189           69276           69245           69273          0.0000;
   587    5.197           69279           69249           69277          0.0000;
   588    5.206           69282           69254           69279          0.0000;
   589    5.215           69284           69260           69281          0.0000;
   590    5.224           69285           69266           69283          0.0000;
   591    5.233           69286           69273           69283          0.0000;
   592    5.242           69287           69279           69284          0.0000;
   593    5.251           69287           69285           69284          0.0000;
   594    5.259           69287           69291           69284          0.0000;
   595    5.268           69287           69296           69284          0.0000;
   596    5.277           69287           69300           69284          0.0000;
   597    5.286           69287           69303           69285          0.0000;
   598    5.295           69288           69304           69285          0.0000;
   599    5.304           69289           69305           69287          0.0000;
   600    5.313           69291           69305           69288          0.0000;
   601    5.321           69293           69303           69290          0.0000;
   602    5.330           69295           69301           69292          0.0000;
   603    5.339           69297           69299           69295          0.0000;
   604    5.348           69299           69296           69297          0.0000;
   605    5.357           69301           69293           69299          0.0000;
   606    5.366           69302           69291           69300          0.0000;
   607    5.374           69304           69288           69302          0.0000;
   608    5.383           69304           69287           69302          0.0000;
   609    5.392           69305           69287           69303          0.0000;
   610    5.401           69305           69287           69302          0.0000;
   611    5.410           69304           69287           69301          0.0000;
   612    5.419           69303           69288           69300          0.0000;
   613    5.428           69302           69290           69298          0.0000;
   614    5.436           69300           69292           69296          0.0000;
   615    5.445           69299           69294           69294          0.0000;
   616    5.454           69297           69295           69291          0.0000;
   617    5.463           69295           69296           69289          0.0000;
   618    5.472           69293           69297           69287          0.0000;
   619    5.481           69292           69297           69285          0.0000;
   620    5.490           69290           69296           69284          0.0000;
   621    5.498           69289           69295           69282          0.0000;
   622    5.507           69289           69293           69281          0.0000;
   623    5.516           69288           69291           69281          0.0000;
   624    5.525           69288           69289           69281          0.0000;
   625    5.534           69288           69287           69281          0.0000;
   626    5.543           69288           69285           69281          0.0000;
   627    5.552           69288           69283           69281          0.0000;
   628    5.560           69288           69282           69281          0.0000;
   629    5.569           69288           69281           69282          0.0000;
   630    5.578           69289           69281           69282          0.0000;
   631    5.587           69289           69281           69282          0.0000;
   632    5.596           69289           69282           69283          0.0000;
   633    5.605           69289           69283           69283          0.0000;
   634    5.614           69289           69284           69283          0.0000;
   635    5.622           69289           69286           69283          0.0000;
   636    5.631           69290           69287           69284          0.0000;
   637    5.640           69290           69289           69284          0.0000;
   638    5.649           69290           69289           69285          0.0000;
   639    5.658           69291           69290           69285          0.0000;
   640    5.667           69291           69291           69286          0.0000;
   641    5.676           69292           69291           69286          0.0000;
   642    5.684           69292           69291           69287          0.0000;
   643    5.693           69293           69290           69288          0.0000;
   644    5.702           69293           69289           69289          0.0000;
   645    5.711           69294           69289           69290          0.0000;
   646    5.720           69294           69288           69290          0.0000;
   647    5.729           69295           69288           69291          0.0000;
   648    5.738           69295           69287           69291          0.0000;
   649    5.746           69295           69287           69291          0.0000;
   650    5.755           69295           69287           69291          0.0000;
   651    5.764           69295           69287           69291          0.0000;
   652    5.773           69295           69288           69290          0.0000;
   653    5.782           69294           69288           69290          0.0000;
   654    5.791           69294           69289           69289          0.0000;
   655    5.799           69293           69289           69288          0.0000;
   656    5.808           69293           69290           69288          0.0000;
   657    5.817           69292           69290           69287          0.0000;
   658    5.826           69292           69290           69286          0.0000;
   659    5.835           69292           69290           69286          0.0000;
   660    5.844           69291           69289           69285          0.0000;
   661    5.853           69291           69289           69285          0.0000;
   662    5.861           69291           69288           69284          0.0000;
   663    5.870           69290           69287           69284          0.0000;
   664    5.879           69290           69287           69284          0.0000;
   665    5.888           69290           69286           69284          0.0000;
   666    5.897           69290           69286           69284          0.0000;
   667    5.906           69290           69285           69284          0.0000;
   668    5.915           69290           69285           69284          0.0000;
   669    5.923           69290           69286           69284          0.0000;
   670    5.932           69290           69286           69284          0.0000;
   671    5.941           69290           69287           69284          0.0000;
   672    5.950           69290           69287           69284          0.0000;
   673    5.959           69290           69288           69284          0.0000;
   674    5.968           69291           69288           69285          0.0000;
   675    5.977           69291           69289           69285          0.0000;
   676    5.985           69291           69289           69285          0.0000]
