 Sample   Time     Commanded Pos   Encoder 1 Pos   Encoder 2 Pos   Control Effort

[    0    0.000               4               3               4          0.5000;
     1    0.009               4               3               4          0.5000;
     2    0.018               4               8               4          0.5000;
     3    0.027               4              17               4          0.5000;
     4    0.035               4              30               4          0.5000;
     5    0.044               4              46               5          0.5000;
     6    0.053               4              66               5          0.5000;
     7    0.062               4              89               5          0.5000;
     8    0.071               5             114               5          0.5000;
     9    0.080               5             140               6          0.5000;
    10    0.089               6             168               6          0.5000;
    11    0.097               6             194               7          0.5000;
    12    0.106               7             221               8          0.5000;
    13    0.115               8             246              10          0.5000;
    14    0.124               9             269              11          0.5000;
    15    0.133              11             289              12          0.5000;
    16    0.142              12             308              14          0.5000;
    17    0.151              13             323              15          0.5000;
    18    0.159              14             336              16          0.5000;
    19    0.168              15             346              17          0.5000;
    20    0.177              16             353              18          0.5000;
    21    0.186              17             357              18          0.5000;
    22    0.195              17             358              19          0.5000;
    23    0.204              18             356              19          0.5000;
    24    0.213              18             351              19          0.5000;
    25    0.221              18             344              19          0.5000;
    26    0.230              18             335              19          0.5000;
    27    0.239              18             324              19          0.5000;
    28    0.248              18             312              19          0.5000;
    29    0.257              18             299              19          0.5000;
    30    0.266              18             285              19          0.5000;
    31    0.274              18             271              19          0.5000;
    32    0.283              18             257              18          0.5000;
    33    0.292              17             243              18          0.5000;
    34    0.301              17             229              18          0.5000;
    35    0.310              17             216              17          0.5000;
    36    0.319              16             203              16          0.5000;
    37    0.328              15             192              15          0.5000;
    38    0.336              15             182              14          0.5000;
    39    0.345              14             175              13          0.5000;
    40    0.354              14             169              12          0.5000;
    41    0.363              13             165              11          0.5000;
    42    0.372              12             163              11          0.5000;
    43    0.381              12             163              10          0.5000;
    44    0.390              12             166              10          0.5000;
    45    0.398              11             171              10          0.5000;
    46    0.407              11             176              10          0.5000;
    47    0.416              12             183              10          0.5000;
    48    0.425              12             190              11          0.5000;
    49    0.434              12             198              11          0.5000;
    50    0.443              12             206              11          0.5000;
    51    0.452              13             213              11          0.5000;
    52    0.460              13             220              11          0.5000;
    53    0.469              13             227              12          0.5000;
    54    0.478              13             232              12          0.5000;
    55    0.487              13             237              12          0.5000;
    56    0.496              13             240              12          0.5000;
    57    0.505              13             243              12          0.5000;
    58    0.514              13             244              12          0.5000;
    59    0.522              13             243              12          0.5000;
    60    0.531              13             241              12          0.5000;
    61    0.540              13             238              12          0.5000;
    62    0.549              13             235              12          0.5000;
    63    0.558              13             231              12          0.5000;
    64    0.567              13             227              12          0.5000;
    65    0.576              13             223              12          0.5000;
    66    0.584              13             219              12          0.5000;
    67    0.593              13             215              12          0.5000;
    68    0.602              13             213              12          0.5000;
    69    0.611              13             210              12          0.5000;
    70    0.620              13             209              12          0.5000;
    71    0.629              13             208              11          0.5000;
    72    0.638              13             208              11          0.5000;
    73    0.646              13             208              11          0.5000;
    74    0.655              13             210              11          0.5000;
    75    0.664              12             212              11          0.5000;
    76    0.673              12             214              11          0.5000;
    77    0.682              12             216              11          0.5000;
    78    0.691              12             218              11          0.5000;
    79    0.699              13             220              11          0.5000;
    80    0.708              13             222              11          0.5000;
    81    0.717              13             224              11          0.5000;
    82    0.726              13             224              11          0.5000;
    83    0.735              13             225              12          0.5000;
    84    0.744              13             225              12          0.5000;
    85    0.753              13             225              12          0.5000;
    86    0.761              13             224              12          0.5000;
    87    0.770              13             223              12          0.5000;
    88    0.779              13             221              12          0.5000;
    89    0.788              13             220              12          0.5000;
    90    0.797              13             219              12          0.5000;
    91    0.806              13             217              12          0.5000;
    92    0.815              13             217              12          0.5000;
    93    0.823              13             216              12          0.5000;
    94    0.832              13             216              12          0.5000;
    95    0.841              13             216              12          0.5000;
    96    0.850              13             218              12          0.5000;
    97    0.859              13             218              12          0.5000;
    98    0.868              13             219              12          0.5000;
    99    0.877              13             220              12          0.5000;
   100    0.885              13             220              12          0.5000;
   101    0.894              13             221              12          0.5000;
   102    0.903              13             222              12          0.5000;
   103    0.912              13             222              12          0.5000;
   104    0.921              13             222              13          0.5000;
   105    0.930              13             222              13          0.5000;
   106    0.939              13             222              13          0.5000;
   107    0.947              13             221              12          0.5000;
   108    0.956              13             221              12          0.5000;
   109    0.965              13             220              12          0.5000;
   110    0.974              13             219              12          0.5000;
   111    0.983              13             219              12          0.5000;
   112    0.992              13             218              12          0.5000;
   113    1.001              13             218              12          0.5000;
   114    1.009              13             218              12          0.5000;
   115    1.018              13             218              12          0.5000;
   116    1.027              13             218              12          0.5000;
   117    1.036              13             220              12          0.5000;
   118    1.045              13             220              12          0.5000;
   119    1.054              13             220              12          0.5000;
   120    1.063              13             221              12          0.5000;
   121    1.071              13             221              12          0.5000;
   122    1.080              13             221              12          0.5000;
   123    1.089              13             222              12          0.5000;
   124    1.098              13             221              12          0.5000;
   125    1.107              13             221              12          0.5000;
   126    1.116              13             221              12          0.5000;
   127    1.124              13             220              12          0.5000;
   128    1.133              13             220              11          0.5000;
   129    1.142              13             219              11          0.5000;
   130    1.151              13             219              11          0.5000;
   131    1.160              12             219              11          0.5000;
   132    1.169              12             218              11          0.5000;
   133    1.178              12             218              11          0.5000;
   134    1.186              12             218              11          0.5000;
   135    1.195              12             220              11          0.5000;
   136    1.204              12             220              11          0.5000;
   137    1.213              12             220              11          0.5000;
   138    1.222              12             220              11          0.5000;
   139    1.231              12             220              11          0.5000;
   140    1.240              12             220              11          0.5000;
   141    1.248              12             221              11          0.5000;
   142    1.257              12             221              11          0.5000;
   143    1.266              12             221              11          0.5000;
   144    1.275              12             220              11          0.5000;
   145    1.284              13             220              11          0.5000;
   146    1.293              13             220              12          0.5000;
   147    1.302              13             220              12          0.5000;
   148    1.310              13             220              12          0.5000;
   149    1.319              13             220              11          0.5000;
   150    1.328              13             220              11          0.5000;
   151    1.337              13             220              11          0.5000;
   152    1.346              12             220              11          0.5000;
   153    1.355              12             220              11          0.5000;
   154    1.364              12             220              11          0.5000;
   155    1.372              12             220              11          0.5000;
   156    1.381              12             220              11          0.5000;
   157    1.390              12             220              11          0.5000;
   158    1.399              13             220              12          0.5000;
   159    1.408              13             220              12          0.5000;
   160    1.417              13             220              12          0.5000;
   161    1.426              13             220              12          0.5000;
   162    1.434              13             220              12          0.5000;
   163    1.443              13             220              12          0.5000;
   164    1.452              13             220              12          0.5000;
   165    1.461              13             220              12          0.5000;
   166    1.470              13             220              11          0.5000;
   167    1.479              13             220              11          0.5000;
   168    1.488              13             220              11          0.5000;
   169    1.496              13             220              11          0.5000;
   170    1.505              13             220              11          0.5000;
   171    1.514              13             220              11          0.5000;
   172    1.523              13             220              11          0.5000;
   173    1.532              12             220              11          0.5000;
   174    1.541              12             220              10          0.5000;
   175    1.549              12             220              10          0.5000;
   176    1.558              12             220              10          0.5000;
   177    1.567              12             220              10          0.5000;
   178    1.576              12             220              10          0.5000;
   179    1.585              12             220              10          0.5000;
   180    1.594              12             220              10          0.5000;
   181    1.603              12             220              10          0.5000;
   182    1.611              12             220              10          0.5000;
   183    1.620              12             220              10          0.5000;
   184    1.629              11             220              10          0.5000;
   185    1.638              11             220              10          0.5000;
   186    1.647              11             220              10          0.5000;
   187    1.656              12             220              10          0.5000;
   188    1.665              12             220              10          0.5000;
   189    1.673              12             220              10          0.5000;
   190    1.682              12             220              10          0.5000;
   191    1.691              12             220              11          0.5000;
   192    1.700              12             220              11          0.5000;
   193    1.709              12             220              11          0.5000;
   194    1.718              12             220              11          0.5000;
   195    1.727              12             220              11          0.5000;
   196    1.735              12             220              11          0.5000;
   197    1.744              12             220              11          0.5000;
   198    1.753              12             220              11          0.5000;
   199    1.762              13             220              11          0.5000;
   200    1.771              13             220              11          0.5000;
   201    1.780              13             220              11          0.5000;
   202    1.789              13             220              11          0.5000;
   203    1.797              12             220              11          0.5000;
   204    1.806              12             220              11          0.5000;
   205    1.815              12             220              11          0.5000;
   206    1.824              12             220              11          0.5000;
   207    1.833              12             220              11          0.5000;
   208    1.842              13             220              11          0.5000;
   209    1.851              13             220              11          0.5000;
   210    1.859              13             220              11          0.5000;
   211    1.868              13             220              11          0.5000;
   212    1.877              13             220              11          0.5000;
   213    1.886              13             220              11          0.5000;
   214    1.895              13             220              11          0.5000;
   215    1.904              13             220              11          0.5000;
   216    1.913              13             220              11          0.5000;
   217    1.921              13             220              11          0.5000;
   218    1.930              13             220              11          0.5000;
   219    1.939              13             220              11          0.5000;
   220    1.948              12             220              11          0.5000;
   221    1.957              12             220              11          0.5000;
   222    1.966              12             220              11          0.5000;
   223    1.974              13             220              11          0.5000;
   224    1.983              13             220              11          0.5000;
   225    1.992              13             220              12          0.5000;
   226    2.001              13             220              12          0.5000;
   227    2.010              13             220              12          0.5000;
   228    2.019              13             220              12          0.5000;
   229    2.028              13             220              12          0.5000;
   230    2.036              13             220              12          0.5000;
   231    2.045              13             220              12          0.5000;
   232    2.054              13             220              12          0.5000;
   233    2.063              13             221              12          0.5000;
   234    2.072              13             221              12          0.5000;
   235    2.081              13             221              13          0.5000;
   236    2.090              13             221              13          0.5000;
   237    2.098              13             221              13          0.5000;
   238    2.107              13             221              12          0.5000;
   239    2.116              13             221              12          0.5000;
   240    2.125              13             221              12          0.5000;
   241    2.134              13             221              12          0.5000;
   242    2.143              13             221              12          0.5000;
   243    2.152              13             221              12          0.5000;
   244    2.160              13             221              13          0.5000;
   245    2.169              13             221              13          0.5000;
   246    2.178              13             221              13          0.5000;
   247    2.187              13             221              13          0.5000;
   248    2.196              13             221              13          0.5000;
   249    2.205              13             221              13          0.5000;
   250    2.214              13             221              13          0.5000;
   251    2.222              13             221              13          0.5000;
   252    2.231              13             221              12          0.5000;
   253    2.240              13             221              12          0.5000;
   254    2.249              13             221              12          0.5000;
   255    2.258              13             221              12          0.5000;
   256    2.267              13             221              12          0.5000;
   257    2.276              13             221              12          0.5000;
   258    2.284              13             221              12          0.5000;
   259    2.293              13             221              13          0.5000;
   260    2.302              13             221              13          0.5000;
   261    2.311              13             221              13          0.5000;
   262    2.320              13             221              13          0.5000;
   263    2.329              13             221              13          0.5000;
   264    2.338              13             221              12          0.5000;
   265    2.346              13             221              12          0.5000;
   266    2.355              13             221              12          0.5000;
   267    2.364              13             221              12          0.5000;
   268    2.373              13             221              12          0.5000;
   269    2.382              13             221              12          0.5000;
   270    2.391              13             221              12          0.5000;
   271    2.399              13             221              12          0.5000;
   272    2.408              13             221              12          0.5000;
   273    2.417              13             221              12          0.5000;
   274    2.426              13             221              12          0.5000;
   275    2.435              13             221              12          0.5000;
   276    2.444              13             221              12          0.5000;
   277    2.453              13             221              12          0.5000;
   278    2.461              13             221              12          0.5000;
   279    2.470              13             221              12          0.5000;
   280    2.479              13             221              12          0.5000;
   281    2.488              13             221              12          0.5000;
   282    2.497              13             221              12          0.5000;
   283    2.506              13             221              12          0.5000;
   284    2.515              13             221              13          0.5000;
   285    2.523              14             221              13          0.5000;
   286    2.532              14             221              13          0.5000;
   287    2.541              14             221              13          0.5000;
   288    2.550              14             221              14          0.5000;
   289    2.559              14             221              14          0.5000;
   290    2.568              14             221              14          0.5000;
   291    2.577              14             221              14          0.5000;
   292    2.585              14             221              14          0.5000;
   293    2.594              14             221              14          0.5000;
   294    2.603              14             221              14          0.5000;
   295    2.612              14             221              14          0.5000;
   296    2.621              14             221              14          0.5000;
   297    2.630              15             221              14          0.5000;
   298    2.639              15             221              14          0.5000;
   299    2.647              15             221              15          0.5000;
   300    2.656              15             221              15          0.5000;
   301    2.665              15             221              15          0.5000;
   302    2.674              15             221              15          0.5000;
   303    2.683              15             221              15          0.5000;
   304    2.692              15             221              15          0.5000;
   305    2.701              15             221              15          0.5000;
   306    2.709              15             221              15          0.5000;
   307    2.718              15             221              15          0.5000;
   308    2.727              15             221              15          0.5000;
   309    2.736              15             221              15          0.5000;
   310    2.745              15             221              15          0.5000;
   311    2.754              15             221              15          0.5000;
   312    2.763              15             221              15          0.5000;
   313    2.771              15             221              15          0.5000;
   314    2.780              15             221              15          0.5000;
   315    2.789              15             221              15          0.5000;
   316    2.798              15             221              15          0.5000;
   317    2.807              15             221              15          0.5000;
   318    2.816              15             221              15          0.5000;
   319    2.824              15             221              16          0.5000;
   320    2.833              15             221              16          0.5000;
   321    2.842              15             221              16          0.5000;
   322    2.851              15             221              16          0.5000;
   323    2.860              16             221              16          0.5000;
   324    2.869              16             221              16          0.5000;
   325    2.878              16             221              16          0.5000;
   326    2.886              16             221              16          0.5000;
   327    2.895              16             221              16          0.5000;
   328    2.904              16             221              16          0.5000;
   329    2.913              16             221              16          0.5000;
   330    2.922              16             221              16          0.5000;
   331    2.931              16             221              16          0.5000;
   332    2.940              16             221              16          0.5000;
   333    2.948              16             221              16          0.5000;
   334    2.957              16             221              16          0.5000;
   335    2.966              16             221              16          0.5000;
   336    2.975              16             221              16          0.5000;
   337    2.984              16             221              16          0.5000;
   338    2.993              16             221              16          0.5000;
   339    3.002              16             221              16          0.0000;
   340    3.010              16             220              16          0.0000;
   341    3.019              16             216              17          0.0000;
   342    3.028              16             208              17          0.0000;
   343    3.037              16             198              17          0.0000;
   344    3.046              16             185              16          0.0000;
   345    3.055              16             169              16          0.0000;
   346    3.064              16             152              16          0.0000;
   347    3.072              15             134              15          0.0000;
   348    3.081              15             114              14          0.0000;
   349    3.090              15              94              14          0.0000;
   350    3.099              14              73              13          0.0000;
   351    3.108              14              54              13          0.0000;
   352    3.117              13              35              12          0.0000;
   353    3.126              13              17              12          0.0000;
   354    3.134              13               0              11          0.0000;
   355    3.143              13             -14              10          0.0000;
   356    3.152              12             -26              10          0.0000;
   357    3.161              11             -36               9          0.0000;
   358    3.170              11             -42               9          0.0000;
   359    3.179              11             -46               8          0.0000;
   360    3.188              10             -47               8          0.0000;
   361    3.196              10             -44               8          0.0000;
   362    3.205              10             -39               8          0.0000;
   363    3.214              10             -31               8          0.0000;
   364    3.223              11             -22               9          0.0000;
   365    3.232              11             -11               9          0.0000;
   366    3.241              11               0               9          0.0000;
   367    3.249              11              12              10          0.0000;
   368    3.258              11              24              10          0.0000;
   369    3.267              12              36              10          0.0000;
   370    3.276              12              48              10          0.0000;
   371    3.285              12              58              11          0.0000;
   372    3.294              12              68              11          0.0000;
   373    3.303              13              76              11          0.0000;
   374    3.311              13              83              12          0.0000;
   375    3.320              13              88              12          0.0000;
   376    3.329              14              92              13          0.0000;
   377    3.338              14              94              13          0.0000;
   378    3.347              14              94              13          0.0000;
   379    3.356              14              92              14          0.0000;
   380    3.365              14              89              14          0.0000;
   381    3.373              14              84              14          0.0000;
   382    3.382              14              79              14          0.0000;
   383    3.391              14              73              14          0.0000;
   384    3.400              14              67              14          0.0000;
   385    3.409              14              61              14          0.0000;
   386    3.418              14              55              14          0.0000;
   387    3.427              14              49              14          0.0000;
   388    3.435              14              43              14          0.0000;
   389    3.444              14              38              14          0.0000;
   390    3.453              14              34              14          0.0000;
   391    3.462              14              31              14          0.0000;
   392    3.471              14              28              14          0.0000;
   393    3.480              14              27              14          0.0000;
   394    3.489              14              26              14          0.0000;
   395    3.497              14              28              14          0.0000;
   396    3.506              14              28              14          0.0000;
   397    3.515              14              30              14          0.0000;
   398    3.524              14              33              14          0.0000;
   399    3.533              14              36              14          0.0000;
   400    3.542              14              39              14          0.0000;
   401    3.551              14              42              14          0.0000;
   402    3.559              15              45              14          0.0000;
   403    3.568              15              48              15          0.0000;
   404    3.577              15              50              15          0.0000;
   405    3.586              15              51              15          0.0000;
   406    3.595              16              52              16          0.0000;
   407    3.604              16              53              16          0.0000;
   408    3.613              16              54              17          0.0000;
   409    3.621              16              53              17          0.0000;
   410    3.630              16              53              16          0.0000;
   411    3.639              16              51              16          0.0000;
   412    3.648              16              50              16          0.0000;
   413    3.657              16              48              16          0.0000;
   414    3.666              16              47              16          0.0000;
   415    3.674              16              45              16          0.0000;
   416    3.683              16              44              16          0.0000;
   417    3.692              16              43              17          0.0000;
   418    3.701              16              43              17          0.0000;
   419    3.710              16              42              17          0.0000;
   420    3.719              16              42              17          0.0000;
   421    3.728              16              42              17          0.0000;
   422    3.736              17              44              17          0.0000;
   423    3.745              17              44              17          0.0000;
   424    3.754              17              45              17          0.0000;
   425    3.763              17              46              17          0.0000;
   426    3.772              17              47              17          0.0000;
   427    3.781              17              48              17          0.0000;
   428    3.790              17              49              17          0.0000;
   429    3.798              17              49              18          0.0000;
   430    3.807              17              49              18          0.0000;
   431    3.816              17              49              18          0.0000;
   432    3.825              17              49              18          0.0000;
   433    3.834              17              49              18          0.0000;
   434    3.843              17              48              18          0.0000;
   435    3.852              18              48              18          0.0000;
   436    3.860              18              47              19          0.0000;
   437    3.869              18              46              19          0.0000;
   438    3.878              19              45              20          0.0000;
   439    3.887              19              45              20          0.0000;
   440    3.896              19              45              20          0.0000;
   441    3.905              19              45              19          0.0000;
   442    3.914              19              47              19          0.0000;
   443    3.922              19              47              19          0.0000;
   444    3.931              19              47              19          0.0000;
   445    3.940              19              48              20          0.0000;
   446    3.949              19              48              20          0.0000;
   447    3.958              19              48              20          0.0000;
   448    3.967              19              49              20          0.0000;
   449    3.976              19              49              21          0.0000;
   450    3.984              20              49              21          0.0000;
   451    3.993              20              49              21          0.0000;
   452    4.002              20              49              21          0.0000;
   453    4.011              20              48              21          0.0000;
   454    4.020              20              48              21          0.0000;
   455    4.029              20              48              21          0.0000;
   456    4.038              20              48              20          0.0000;
   457    4.046              20              47              20          0.0000;
   458    4.055              20              47              20          0.0000;
   459    4.064              20              47              20          0.0000;
   460    4.073              20              46              20          0.0000;
   461    4.082              20              48              20          0.0000;
   462    4.091              20              48              20          0.0000;
   463    4.099              20              48              20          0.0000;
   464    4.108              20              48              20          0.0000;
   465    4.117              20              48              20          0.0000;
   466    4.126              20              48              20          0.0000;
   467    4.135              20              48              20          0.0000;
   468    4.144              20              48              20          0.0000;
   469    4.153              20              48              20          0.0000;
   470    4.161              20              48              21          0.0000;
   471    4.170              20              48              21          0.0000;
   472    4.179              20              48              21          0.0000;
   473    4.188              20              48              21          0.0000;
   474    4.197              20              48              21          0.0000;
   475    4.206              21              48              22          0.0000;
   476    4.215              21              48              22          0.0000;
   477    4.223              22              48              23          0.0000;
   478    4.232              22              48              23          0.0000;
   479    4.241              22              48              23          0.0000;
   480    4.250              22              48              23          0.0000;
   481    4.259              22              48              23          0.0000;
   482    4.268              22              48              23          0.0000;
   483    4.277              22              48              23          0.0000;
   484    4.285              22              48              23          0.0000;
   485    4.294              22              48              23          0.0000;
   486    4.303              22              48              23          0.0000;
   487    4.312              22              48              23          0.0000;
   488    4.321              22              48              23          0.0000;
   489    4.330              22              48              23          0.0000;
   490    4.339              22              48              22          0.0000;
   491    4.347              22              48              22          0.0000;
   492    4.356              22              48              23          0.0000;
   493    4.365              22              48              23          0.0000;
   494    4.374              22              48              22          0.0000;
   495    4.383              22              48              22          0.0000;
   496    4.392              22              48              22          0.0000;
   497    4.401              22              48              22          0.0000;
   498    4.409              21              48              22          0.0000;
   499    4.418              21              48              22          0.0000;
   500    4.427              21              48              22          0.0000;
   501    4.436              21              48              22          0.0000;
   502    4.445              21              49              22          0.0000;
   503    4.454              21              48              22          0.0000;
   504    4.463              21              48              22          0.0000;
   505    4.471              21              48              21          0.0000;
   506    4.480              21              48              21          0.0000;
   507    4.489              21              48              21          0.0000;
   508    4.498              21              48              21          0.0000;
   509    4.507              21              48              21          0.0000;
   510    4.516              21              48              22          0.0000;
   511    4.524              21              48              22          0.0000;
   512    4.533              21              48              22          0.0000;
   513    4.542              21              48              22          0.0000;
   514    4.551              22              48              22          0.0000;
   515    4.560              22              48              22          0.0000;
   516    4.569              22              48              22          0.0000;
   517    4.578              22              48              22          0.0000;
   518    4.586              22              48              22          0.0000;
   519    4.595              21              48              22          0.0000;
   520    4.604              21              48              22          0.0000;
   521    4.613              21              48              22          0.0000;
   522    4.622              21              48              22          0.0000;
   523    4.631              21              48              22          0.0000;
   524    4.640              21              48              22          0.0000;
   525    4.648              21              48              22          0.0000;
   526    4.657              22              48              22          0.0000;
   527    4.666              22              48              22          0.0000;
   528    4.675              22              48              22          0.0000;
   529    4.684              21              48              22          0.0000;
   530    4.693              21              48              22          0.0000;
   531    4.702              21              48              22          0.0000;
   532    4.710              21              48              21          0.0000;
   533    4.719              21              48              21          0.0000;
   534    4.728              21              48              22          0.0000;
   535    4.737              21              48              22          0.0000;
   536    4.746              22              48              22          0.0000;
   537    4.755              22              48              22          0.0000;
   538    4.764              22              48              22          0.0000;
   539    4.772              22              48              23          0.0000;
   540    4.781              22              48              23          0.0000;
   541    4.790              22              48              23          0.0000;
   542    4.799              22              48              23          0.0000;
   543    4.808              22              48              23          0.0000;
   544    4.817              22              49              23          0.0000;
   545    4.826              22              49              23          0.0000;
   546    4.834              22              49              23          0.0000;
   547    4.843              22              49              23          0.0000;
   548    4.852              22              49              23          0.0000;
   549    4.861              22              49              23          0.0000;
   550    4.870              23              48              23          0.0000;
   551    4.879              23              48              24          0.0000;
   552    4.888              23              48              24          0.0000;
   553    4.896              23              48              24          0.0000;
   554    4.905              23              49              24          0.0000;
   555    4.914              23              49              24          0.0000;
   556    4.923              23              49              24          0.0000;
   557    4.932              23              49              24          0.0000;
   558    4.941              23              49              24          0.0000;
   559    4.949              23              49              24          0.0000;
   560    4.958              23              49              24          0.0000;
   561    4.967              23              49              24          0.0000;
   562    4.976              23              49              24          0.0000;
   563    4.985              23              49              24          0.0000;
   564    4.994              23              49              24          0.0000;
   565    5.003              23              49              24          0.0000;
   566    5.011              23              49              24          0.0000;
   567    5.020              23              49              23          0.0000;
   568    5.029              23              48              23          0.0000;
   569    5.038              23              48              23          0.0000;
   570    5.047              23              48              23          0.0000;
   571    5.056              23              48              23          0.0000;
   572    5.065              23              48              23          0.0000;
   573    5.073              23              48              23          0.0000;
   574    5.082              23              48              24          0.0000;
   575    5.091              23              48              24          0.0000;
   576    5.100              23              48              24          0.0000;
   577    5.109              23              49              24          0.0000;
   578    5.118              24              49              25          0.0000;
   579    5.127              24              49              25          0.0000;
   580    5.135              24              49              25          0.0000;
   581    5.144              24              49              25          0.0000;
   582    5.153              24              49              25          0.0000;
   583    5.162              24              49              25          0.0000;
   584    5.171              24              49              25          0.0000;
   585    5.180              24              49              25          0.0000;
   586    5.189              24              49              25          0.0000;
   587    5.197              25              49              25          0.0000;
   588    5.206              25              49              26          0.0000;
   589    5.215              25              49              26          0.0000;
   590    5.224              25              49              26          0.0000;
   591    5.233              25              49              26          0.0000;
   592    5.242              25              49              26          0.0000;
   593    5.251              25              49              26          0.0000;
   594    5.259              25              49              26          0.0000;
   595    5.268              25              49              26          0.0000;
   596    5.277              25              49              26          0.0000;
   597    5.286              25              49              26          0.0000;
   598    5.295              25              49              26          0.0000;
   599    5.304              25              49              26          0.0000;
   600    5.313              25              49              26          0.0000;
   601    5.321              25              49              26          0.0000;
   602    5.330              25              49              26          0.0000;
   603    5.339              25              49              26          0.0000;
   604    5.348              25              49              26          0.0000;
   605    5.357              25              49              26          0.0000;
   606    5.366              25              49              26          0.0000;
   607    5.374              25              49              26          0.0000;
   608    5.383              25              49              26          0.0000;
   609    5.392              25              49              26          0.0000;
   610    5.401              25              49              26          0.0000;
   611    5.410              25              49              26          0.0000;
   612    5.419              25              49              26          0.0000;
   613    5.428              25              49              26          0.0000;
   614    5.436              25              49              26          0.0000;
   615    5.445              25              49              26          0.0000;
   616    5.454              25              49              26          0.0000;
   617    5.463              25              49              26          0.0000;
   618    5.472              25              49              26          0.0000;
   619    5.481              25              49              26          0.0000;
   620    5.490              25              49              26          0.0000;
   621    5.498              25              49              26          0.0000;
   622    5.507              25              49              26          0.0000;
   623    5.516              25              49              26          0.0000;
   624    5.525              25              49              26          0.0000;
   625    5.534              25              49              26          0.0000;
   626    5.543              25              49              26          0.0000;
   627    5.552              25              49              26          0.0000;
   628    5.560              25              49              26          0.0000;
   629    5.569              25              49              26          0.0000;
   630    5.578              25              49              26          0.0000;
   631    5.587              25              49              26          0.0000;
   632    5.596              25              49              26          0.0000;
   633    5.605              25              49              26          0.0000;
   634    5.614              25              49              26          0.0000;
   635    5.622              25              49              26          0.0000;
   636    5.631              25              49              25          0.0000;
   637    5.640              25              49              25          0.0000;
   638    5.649              25              49              25          0.0000;
   639    5.658              24              49              24          0.0000;
   640    5.667              24              49              24          0.0000;
   641    5.676              24              49              24          0.0000;
   642    5.684              24              49              24          0.0000;
   643    5.693              24              49              24          0.0000;
   644    5.702              24              49              24          0.0000;
   645    5.711              25              49              25          0.0000;
   646    5.720              25              49              25          0.0000;
   647    5.729              25              49              25          0.0000;
   648    5.738              25              49              25          0.0000;
   649    5.746              25              49              25          0.0000;
   650    5.755              25              49              25          0.0000;
   651    5.764              24              49              24          0.0000;
   652    5.773              24              49              24          0.0000;
   653    5.782              25              49              25          0.0000;
   654    5.791              25              49              25          0.0000;
   655    5.799              25              49              25          0.0000;
   656    5.808              25              49              25          0.0000;
   657    5.817              25              49              26          0.0000;
   658    5.826              25              49              26          0.0000;
   659    5.835              26              49              26          0.0000;
   660    5.844              26              49              26          0.0000;
   661    5.853              26              49              26          0.0000;
   662    5.861              25              49              26          0.0000;
   663    5.870              25              49              26          0.0000;
   664    5.879              25              49              26          0.0000;
   665    5.888              25              49              26          0.0000;
   666    5.897              26              49              26          0.0000;
   667    5.906              26              49              26          0.0000;
   668    5.915              26              49              26          0.0000;
   669    5.923              26              49              26          0.0000;
   670    5.932              26              49              26          0.0000;
   671    5.941              26              49              26          0.0000;
   672    5.950              26              49              26          0.0000;
   673    5.959              25              49              26          0.0000;
   674    5.968              25              49              26          0.0000;
   675    5.977              25              49              26          0.0000;
   676    5.985              25              49              26          0.0000]
