 Sample   Time     Commanded Pos   Encoder 1 Pos   Encoder 2 Pos   Control Effort

[    0    0.000              -1               1              -2          0.0000;
     1    0.009              -1               1              -2          0.0000;
     2    0.018              -1               1              -1          0.0000;
     3    0.027               0               1              -1          0.0000;
     4    0.035               0               1              -0          0.0000;
     5    0.044               0               1               0          0.0000;
     6    0.053               1               1               1          0.0000;
     7    0.062               1               1               1          0.0000;
     8    0.071               1               1               1          0.0000;
     9    0.080               1               1               2          0.0000;
    10    0.089               1               1               2          0.0000;
    11    0.097               1               1               1          0.0000;
    12    0.106               1               1               1          0.0000;
    13    0.115               1               1               1          0.0000;
    14    0.124               1               1               1          0.0000;
    15    0.133               1               1               1          0.0000;
    16    0.142               1               1               1          0.0000;
    17    0.151               1               1               1          0.0000;
    18    0.159               2               1               2          0.0000;
    19    0.168               2               1               2          0.0000;
    20    0.177               2               1               2          0.0000;
    21    0.186               2               1               2          0.0000;
    22    0.195               2               1               2          0.0000;
    23    0.204               2               1               2          0.0000;
    24    0.213               2               1               2          0.0000;
    25    0.221               2               1               3          0.0000;
    26    0.230               2               1               3          0.0000;
    27    0.239               3               1               3          0.0000;
    28    0.248               3               1               4          0.0000;
    29    0.257               3               1               5          0.0000;
    30    0.266               4               1               5          0.0000;
    31    0.274               4               1               6          0.0000;
    32    0.283               4               1               6          0.0000;
    33    0.292               5               1               6          0.0000;
    34    0.301               5               1               6          0.0000;
    35    0.310               5               1               6          0.0000;
    36    0.319               5               1               6          0.0000;
    37    0.328               4               1               5          0.0000;
    38    0.336               4               1               5          0.0000;
    39    0.345               4               1               4          0.0000;
    40    0.354               4               1               3          0.0000;
    41    0.363               4               1               3          0.0000;
    42    0.372               4               1               3          0.0000;
    43    0.381               4               1               3          0.0000;
    44    0.390               4               1               5          0.0000;
    45    0.398               4               1               5          0.0000;
    46    0.407               4               1               5          0.0000;
    47    0.416               4               1               5          0.0000;
    48    0.425               5               1               6          0.0000;
    49    0.434               5               1               6          0.0000;
    50    0.443               5               1               6          0.0000;
    51    0.452               5               1               6          0.0000;
    52    0.460               5               1               6          0.0000;
    53    0.469               5               1               6          0.0000;
    54    0.478               5               1               7          0.0000;
    55    0.487               5               1               7          0.0000;
    56    0.496               5               1               7          0.0000;
    57    0.505               5               1               7          0.0000;
    58    0.514               5               1               7          0.0000;
    59    0.522               6               1               7          0.0000;
    60    0.531               6               1               7          0.0000;
    61    0.540               6               1               7          0.0000;
    62    0.549               5               1               7          0.0000;
    63    0.558               5               1               7          0.0000;
    64    0.567               5               1               7          0.0000;
    65    0.576               5               1               7          0.0000;
    66    0.584               5               1               7          0.0000;
    67    0.593               5               1               7          0.0000;
    68    0.602               6               1               7          0.0000;
    69    0.611               6               1               7          0.0000;
    70    0.620               6               1               7          0.0000;
    71    0.629               6               1               7          0.0000;
    72    0.638               6               1               7          0.0000;
    73    0.646               6               1               7          0.0000;
    74    0.655               6               1               7          0.0000;
    75    0.664               6               1               7          0.0000;
    76    0.673               6               1               7          0.0000;
    77    0.682               6               1               7          0.0000;
    78    0.691               5               1               7          0.0000;
    79    0.699               5               1               7          0.0000;
    80    0.708               5               1               6          0.0000;
    81    0.717               5               1               6          0.0000;
    82    0.726               5               1               7          0.0000;
    83    0.735               5               1               7          0.0000;
    84    0.744               5               1               7          0.0000;
    85    0.753               5               1               7          0.0000;
    86    0.761               5               1               7          0.0000;
    87    0.770               5               1               7          0.0000;
    88    0.779               5               1               7          0.0000;
    89    0.788               5               1               7          0.0000;
    90    0.797               5               1               7          0.0000;
    91    0.806               5               1               7          0.0000;
    92    0.815               6               1               7          0.0000;
    93    0.823               6               1               7          0.0000;
    94    0.832               6               1               7          0.0000;
    95    0.841               6               1               7          0.0000;
    96    0.850               6               1               7          0.0000;
    97    0.859               6               1               7          0.0000;
    98    0.868               6               1               7          0.0000;
    99    0.877               6               1               8          0.0000;
   100    0.885               6               1               8          0.0000;
   101    0.894               6               1               7          0.0000;
   102    0.903               6               1               7          0.0000;
   103    0.912               6               1               7          0.0000;
   104    0.921               5               1               7          0.0000;
   105    0.930               5               1               7          0.0000;
   106    0.939               4               1               6          0.0000;
   107    0.947               4               1               6          0.0000;
   108    0.956               4               1               6          0.0000;
   109    0.965               4               1               6          0.0000;
   110    0.974               4               1               5          0.0000;
   111    0.983               4               0               5          0.0000;
   112    0.992               4               0               5          0.0000;
   113    1.001               4               0               4          0.0000;
   114    1.009               4               0               4          0.0000;
   115    1.018               4               0               3          0.0000;
   116    1.027               3               0               3          0.0000;
   117    1.036               3               0               3          0.0000;
   118    1.045               3               0               3          0.0000;
   119    1.054               3               0               3          0.0000;
   120    1.063               3               0               3          0.0000;
   121    1.071               3               0               3          0.0000;
   122    1.080               3               0               5          0.0000;
   123    1.089               3               1               5          0.0000;
   124    1.098               5               1               5          0.0000;
   125    1.107               5               1               5          0.0000;
   126    1.116               5               1               5          0.0000;
   127    1.124               5               1               6          0.0000;
   128    1.133               5               1               6          0.0000;
   129    1.142               5               1               7          0.0000;
   130    1.151               5               1               6          0.0000;
   131    1.160               5               1               6          0.0000;
   132    1.169               5               1               6          0.0000;
   133    1.178               5               1               6          0.0000;
   134    1.186               5               1               5          0.0000;
   135    1.195               5               1               5          0.0000;
   136    1.204               5               1               5          0.0000;
   137    1.213               5               1               6          0.0000;
   138    1.222               5               1               6          0.0000;
   139    1.231               5               1               6          0.0000;
   140    1.240               5               1               6          0.0000;
   141    1.248               5               1               6          0.0000;
   142    1.257               5               1               6          0.0000;
   143    1.266               5               1               7          0.0000;
   144    1.275               5               1               7          0.0000;
   145    1.284               5               1               7          0.0000;
   146    1.293               5               1               7          0.0000;
   147    1.302               5               1               7          0.0000;
   148    1.310               5               1               7          0.0000;
   149    1.319               5               1               7          0.0000;
   150    1.328               5               1               6          0.0000;
   151    1.337               5               1               6          0.0000;
   152    1.346               5               1               6          0.0000;
   153    1.355               5               1               6          0.0000;
   154    1.364               5               1               6          0.0000;
   155    1.372               5               1               6          0.0000;
   156    1.381               5               1               6          0.0000;
   157    1.390               5               1               7          0.0000;
   158    1.399               6               1               7          0.0000;
   159    1.408               6               1               7          0.0000;
   160    1.417               6               1               7          0.0000;
   161    1.426               6               1               8          0.0000;
   162    1.434               7               1               9          0.0000;
   163    1.443               8               1              10          0.0000;
   164    1.452               8               1              11          0.0000;
   165    1.461               9               1              11          0.0000;
   166    1.470               9               1              12          0.0000;
   167    1.479              10               1              13          0.0000;
   168    1.488              10               1              12          0.0000;
   169    1.496               9               1              10          0.0000;
   170    1.505               5               1               6          0.0000;
   171    1.514               2               1               1          0.0000;
   172    1.523              -1               1              -3          0.0000;
   173    1.532              -2               1              -4          0.0000;
   174    1.541               0               1              -0          0.0000;
   175    1.549               4               1               5          0.0000;
   176    1.558               6               1               7          0.0000;
   177    1.567               3               1               2          0.0000;
   178    1.576              -5               1              -9          0.0000;
   179    1.585             -22               1             -28          0.0000;
   180    1.594             -46               1             -53          0.0000;
   181    1.603             -76               1             -83          0.0000;
   182    1.611            -112               1            -118          0.0000;
   183    1.620            -150               1            -157          0.0000;
   184    1.629            -190               1            -199          0.0000;
   185    1.638            -234               1            -243          0.0000;
   186    1.647            -276               0            -287          0.0000;
   187    1.656            -317               0            -330          0.0000;
   188    1.665            -357               0            -371          0.0000;
   189    1.673            -397               0            -410          0.0000;
   190    1.682            -432               0            -444          0.0000;
   191    1.691            -462               0            -474          0.0000;
   192    1.700            -486               0            -498          0.0000;
   193    1.709            -504               0            -515          0.0000;
   194    1.718            -516               0            -526          0.0000;
   195    1.727            -520               0            -531          0.0000;
   196    1.735            -519               0            -528          0.0000;
   197    1.744            -512               0            -518          0.0000;
   198    1.753            -498               0            -502          0.0000;
   199    1.762            -477               0            -480          0.0000;
   200    1.771            -450               0            -452          0.0000;
   201    1.780            -417               0            -420          0.0000;
   202    1.789            -381               0            -384          0.0000;
   203    1.797            -343               0            -345          0.0000;
   204    1.806            -304               0            -305          0.0000;
   205    1.815            -265               0            -263          0.0000;
   206    1.824            -226               0            -223          0.0000;
   207    1.833            -187               1            -184          0.0000;
   208    1.842            -151               1            -147          0.0000;
   209    1.851            -118               1            -114          0.0000;
   210    1.859             -89               1             -86          0.0000;
   211    1.868             -65               1             -63          0.0000;
   212    1.877             -48               1             -45          0.0000;
   213    1.886             -36               1             -34          0.0000;
   214    1.895             -31               1             -29          0.0000;
   215    1.904             -33               1             -31          0.0000;
   216    1.913             -38               1             -39          0.0000;
   217    1.921             -50               1             -54          0.0000;
   218    1.930             -69               1             -74          0.0000;
   219    1.939             -94               1            -100          0.0000;
   220    1.948            -124               1            -130          0.0000;
   221    1.957            -157               1            -163          0.0000;
   222    1.966            -192               1            -200          0.0000;
   223    1.974            -230               1            -238          0.0000;
   224    1.983            -267               0            -277          0.0000;
   225    1.992            -304               0            -315          0.0000;
   226    2.001            -340               0            -352          0.0000;
   227    2.010            -373               0            -387          0.0000;
   228    2.019            -405               0            -418          0.0000;
   229    2.028            -433               0            -445          0.0000;
   230    2.036            -456               0            -467          0.0000;
   231    2.045            -473               0            -484          0.0000;
   232    2.054            -485               0            -495          0.0000;
   233    2.063            -490               0            -501          0.0000;
   234    2.072            -490               0            -499          0.0000;
   235    2.081            -485               0            -492          0.0000;
   236    2.090            -474               0            -479          0.0000;
   237    2.098            -457               0            -460          0.0000;
   238    2.107            -433               0            -437          0.0000;
   239    2.116            -406               0            -409          0.0000;
   240    2.125            -375               0            -377          0.0000;
   241    2.134            -341               0            -344          0.0000;
   242    2.143            -307               0            -308          0.0000;
   243    2.152            -272               0            -271          0.0000;
   244    2.160            -237               0            -235          0.0000;
   245    2.169            -204               0            -200          0.0000;
   246    2.178            -171               0            -168          0.0000;
   247    2.187            -141               1            -138          0.0000;
   248    2.196            -116               1            -112          0.0000;
   249    2.205             -94               1             -90          0.0000;
   250    2.214             -77               1             -74          0.0000;
   251    2.222             -66               1             -63          0.0000;
   252    2.231             -60               1             -58          0.0000;
   253    2.240             -60               1             -59          0.0000;
   254    2.249             -65               1             -66          0.0000;
   255    2.258             -75               1             -78          0.0000;
   256    2.267             -90               1             -95          0.0000;
   257    2.276            -112               1            -117          0.0000;
   258    2.284            -137               0            -143          0.0000;
   259    2.293            -166               0            -173          0.0000;
   260    2.302            -197               0            -204          0.0000;
   261    2.311            -230               0            -238          0.0000;
   262    2.320            -263               0            -272          0.0000;
   263    2.329            -295               0            -306          0.0000;
   264    2.338            -327               0            -339          0.0000;
   265    2.346            -357               0            -370          0.0000;
   266    2.355            -385               0            -398          0.0000;
   267    2.364            -410               0            -422          0.0000;
   268    2.373            -430               0            -442          0.0000;
   269    2.382            -447               0            -458          0.0000;
   270    2.391            -457               0            -468          0.0000;
   271    2.399            -462               0            -473          0.0000;
   272    2.408            -463               0            -472          0.0000;
   273    2.417            -459               0            -466          0.0000;
   274    2.426            -450               0            -455          0.0000;
   275    2.435            -435               0            -439          0.0000;
   276    2.444            -415               0            -419          0.0000;
   277    2.453            -391               0            -394          0.0000;
   278    2.461            -364               0            -367          0.0000;
   279    2.470            -335               0            -337          0.0000;
   280    2.479            -304               0            -306          0.0000;
   281    2.488            -275               0            -274          0.0000;
   282    2.497            -244               0            -242          0.0000;
   283    2.506            -214               0            -211          0.0000;
   284    2.515            -185               0            -182          0.0000;
   285    2.523            -159               0            -155          0.0000;
   286    2.532            -136               0            -132          0.0000;
   287    2.541            -117               0            -113          0.0000;
   288    2.550            -102               0             -99          0.0000;
   289    2.559             -92               0             -89          0.0000;
   290    2.568             -87               0             -84          0.0000;
   291    2.577             -88               0             -85          0.0000;
   292    2.585             -91               0             -90          0.0000;
   293    2.594             -99               0            -101          0.0000;
   294    2.603            -112               0            -117          0.0000;
   295    2.612            -131               0            -136          0.0000;
   296    2.621            -153               0            -159          0.0000;
   297    2.630            -178               0            -185          0.0000;
   298    2.639            -206               0            -213          0.0000;
   299    2.647            -235               0            -242          0.0000;
   300    2.656            -264               0            -273          0.0000;
   301    2.665            -292               0            -302          0.0000;
   302    2.674            -320               0            -332          0.0000;
   303    2.683            -346               0            -359          0.0000;
   304    2.692            -371               0            -383          0.0000;
   305    2.701            -393               0            -405          0.0000;
   306    2.709            -411               0            -422          0.0000;
   307    2.718            -425               0            -436          0.0000;
   308    2.727            -434               0            -445          0.0000;
   309    2.736            -438               0            -449          0.0000;
   310    2.745            -439               0            -448          0.0000;
   311    2.754            -435               0            -443          0.0000;
   312    2.763            -427               0            -433          0.0000;
   313    2.771            -414               0            -418          0.0000;
   314    2.780            -396               0            -400          0.0000;
   315    2.789            -375               0            -378          0.0000;
   316    2.798            -351               0            -354          0.0000;
   317    2.807            -325               0            -328          0.0000;
   318    2.816            -298               0            -300          0.0000;
   319    2.824            -272               0            -271          0.0000;
   320    2.833            -245               0            -243          0.0000;
   321    2.842            -219               0            -216          0.0000;
   322    2.851            -193               0            -190          0.0000;
   323    2.860            -171               0            -168          0.0000;
   324    2.869            -151               0            -148          0.0000;
   325    2.878            -135               0            -131          0.0000;
   326    2.886            -122               0            -119          0.0000;
   327    2.895            -114               0            -111          0.0000;
   328    2.904            -110               0            -107          0.0000;
   329    2.913            -111               0            -108          0.0000;
   330    2.922            -114               0            -114          0.0000;
   331    2.931            -122               0            -124          0.0000;
   332    2.940            -134               0            -138          0.0000;
   333    2.948            -150               0            -155          0.0000;
   334    2.957            -170               0            -176          0.0000;
   335    2.966            -193               0            -199          0.0000;
   336    2.975            -217               0            -224          0.0000;
   337    2.984            -243               0            -250          0.0000;
   338    2.993            -268               0            -277          0.0000;
   339    3.002            -293               0            -303          0.0000;
   340    3.010            -317               0            -329          0.0000;
   341    3.019            -340               0            -352          0.0000;
   342    3.028            -361               0            -373          0.0000;
   343    3.037            -380               0            -392          0.0000;
   344    3.046            -395               0            -407          0.0000;
   345    3.055            -406               0            -418          0.0000;
   346    3.064            -414               0            -425          0.0000;
   347    3.072            -417               0            -428          0.0000;
   348    3.081            -417               0            -427          0.0000;
   349    3.090            -413               0            -421          0.0000;
   350    3.099            -405               0            -411          0.0000;
   351    3.108            -393               0            -398          0.0000;
   352    3.117            -377               0            -381          0.0000;
   353    3.126            -357               0            -362          0.0000;
   354    3.134            -336               0            -340          0.0000;
   355    3.143            -313               0            -316          0.0000;
   356    3.152            -291               0            -292          0.0000;
   357    3.161            -267               0            -266          0.0000;
   358    3.170            -244               0            -242          0.0000;
   359    3.179            -221               0            -218          0.0000;
   360    3.188            -199               0            -196          0.0000;
   361    3.196            -179               0            -177          0.0000;
   362    3.205            -163               0            -160          0.0000;
   363    3.214            -149               0            -146          0.0000;
   364    3.223            -139               0            -136          0.0000;
   365    3.232            -133               0            -130          0.0000;
   366    3.241            -130               0            -127          0.0000;
   367    3.249            -132               0            -129          0.0000;
   368    3.258            -135               0            -135          0.0000;
   369    3.267            -143               0            -145          0.0000;
   370    3.276            -154               0            -158          0.0000;
   371    3.285            -169               0            -174          0.0000;
   372    3.294            -188               0            -193          0.0000;
   373    3.303            -208               0            -213          0.0000;
   374    3.311            -229               0            -236          0.0000;
   375    3.320            -252               0            -259          0.0000;
   376    3.329            -274               0            -282          0.0000;
   377    3.338            -295               0            -305          0.0000;
   378    3.347            -316               0            -327          0.0000;
   379    3.356            -336               0            -347          0.0000;
   380    3.365            -353               0            -366          0.0000;
   381    3.373            -369               0            -381          0.0000;
   382    3.382            -382               0            -393          0.0000;
   383    3.391            -391               0            -402          0.0000;
   384    3.400            -396               0            -407          0.0000;
   385    3.409            -398               0            -409          0.0000;
   386    3.418            -397               0            -406          0.0000;
   387    3.427            -392               0            -400          0.0000;
   388    3.435            -384               0            -391          0.0000;
   389    3.444            -373               0            -378          0.0000;
   390    3.453            -358               0            -362          0.0000;
   391    3.462            -341               0            -345          0.0000;
   392    3.471            -322               0            -325          0.0000;
   393    3.480            -302               0            -304          0.0000;
   394    3.489            -281               0            -282          0.0000;
   395    3.497            -261               0            -260          0.0000;
   396    3.506            -241               0            -239          0.0000;
   397    3.515            -221               0            -219          0.0000;
   398    3.524            -203               0            -200          0.0000;
   399    3.533            -187               0            -184          0.0000;
   400    3.542            -173               0            -170          0.0000;
   401    3.551            -162               0            -159          0.0000;
   402    3.559            -154               0            -152          0.0000;
   403    3.568            -150               0            -147          0.0000;
   404    3.577            -148               0            -146          0.0000;
   405    3.586            -150               0            -149          0.0000;
   406    3.595            -155               0            -156          0.0000;
   407    3.604            -162               0            -165          0.0000;
   408    3.613            -173               0            -178          0.0000;
   409    3.621            -188               0            -193          0.0000;
   410    3.630            -204               0            -210          0.0000;
   411    3.639            -223               0            -228          0.0000;
   412    3.648            -242               0            -248          0.0000;
   413    3.657            -261               0            -268          0.0000;
   414    3.666            -280               0            -289          0.0000;
   415    3.674            -298               0            -309          0.0000;
   416    3.683            -316               0            -327          0.0000;
   417    3.692            -333               0            -344          0.0000;
   418    3.701            -347               0            -359          0.0000;
   419    3.710            -360               0            -371          0.0000;
   420    3.719            -369               0            -381          0.0000;
   421    3.728            -376               0            -387          0.0000;
   422    3.736            -380               0            -390          0.0000;
   423    3.745            -380               0            -391          0.0000;
   424    3.754            -377               0            -387          0.0000;
   425    3.763            -372               0            -380          0.0000;
   426    3.772            -365               0            -370          0.0000;
   427    3.781            -353               0            -358          0.0000;
   428    3.790            -340               0            -344          0.0000;
   429    3.798            -324               0            -328          0.0000;
   430    3.807            -308               0            -310          0.0000;
   431    3.816            -290               0            -291          0.0000;
   432    3.825            -273               0            -273          0.0000;
   433    3.834            -255               0            -254          0.0000;
   434    3.843            -237               0            -236          0.0000;
   435    3.852            -221               0            -219          0.0000;
   436    3.860            -206               0            -203          0.0000;
   437    3.869            -193               0            -190          0.0000;
   438    3.878            -182               0            -180          0.0000;
   439    3.887            -174               0            -171          0.0000;
   440    3.896            -168               0            -166          0.0000;
   441    3.905            -166               0            -164          0.0000;
   442    3.914            -166               0            -165          0.0000;
   443    3.922            -169               0            -169          0.0000;
   444    3.931            -174               0            -176          0.0000;
   445    3.940            -182               0            -185          0.0000;
   446    3.949            -193               0            -197          0.0000;
   447    3.958            -206               0            -211          0.0000;
   448    3.967            -221               0            -226          0.0000;
   449    3.976            -237               0            -243          0.0000;
   450    3.984            -254               0            -261          0.0000;
   451    3.993            -270               0            -278          0.0000;
   452    4.002            -286               0            -295          0.0000;
   453    4.011            -302               0            -312          0.0000;
   454    4.020            -317               0            -327          0.0000;
   455    4.029            -330               0            -341          0.0000;
   456    4.038            -341               0            -353          0.0000;
   457    4.046            -351               0            -362          0.0000;
   458    4.055            -357               0            -369          0.0000;
   459    4.064            -362               0            -373          0.0000;
   460    4.073            -364               0            -374          0.0000;
   461    4.082            -363               0            -372          0.0000;
   462    4.091            -359               0            -368          0.0000;
   463    4.099            -353               0            -361          0.0000;
   464    4.108            -345               0            -351          0.0000;
   465    4.117            -335               0            -339          0.0000;
   466    4.126            -323               0            -326          0.0000;
   467    4.135            -309               0            -311          0.0000;
   468    4.144            -294               0            -296          0.0000;
   469    4.153            -279               0            -279          0.0000;
   470    4.161            -264               0            -263          0.0000;
   471    4.170            -248               0            -247          0.0000;
   472    4.179            -234               0            -232          0.0000;
   473    4.188            -221               0            -219          0.0000;
   474    4.197            -209               0            -207          0.0000;
   475    4.206            -199               0            -197          0.0000;
   476    4.215            -191               0            -189          0.0000;
   477    4.223            -185               0            -183          0.0000;
   478    4.232            -183               0            -181          0.0000;
   479    4.241            -183               0            -180          0.0000;
   480    4.250            -183               0            -183          0.0000;
   481    4.259            -187               0            -188          0.0000;
   482    4.268            -193               0            -195          0.0000;
   483    4.277            -201               0            -205          0.0000;
   484    4.285            -212               0            -216          0.0000;
   485    4.294            -224               0            -229          0.0000;
   486    4.303            -237               0            -243          0.0000;
   487    4.312            -251               0            -258          0.0000;
   488    4.321            -265               0            -273          0.0000;
   489    4.330            -280               0            -287          0.0000;
   490    4.339            -293               0            -302          0.0000;
   491    4.347            -305               0            -315          0.0000;
   492    4.356            -317               0            -327          0.0000;
   493    4.365            -328               0            -338          0.0000;
   494    4.374            -336               0            -346          0.0000;
   495    4.383            -342               0            -353          0.0000;
   496    4.392            -346               0            -357          0.0000;
   497    4.401            -348               0            -359          0.0000;
   498    4.409            -348               0            -357          0.0000;
   499    4.418            -345               0            -355          0.0000;
   500    4.427            -341               0            -349          0.0000;
   501    4.436            -336               0            -341          0.0000;
   502    4.445            -328               0            -332          0.0000;
   503    4.454            -317               0            -321          0.0000;
   504    4.463            -306               0            -309          0.0000;
   505    4.471            -294               0            -295          0.0000;
   506    4.480            -281               0            -282          0.0000;
   507    4.489            -268               0            -268          0.0000;
   508    4.498            -255               0            -254          0.0000;
   509    4.507            -243               0            -241          0.0000;
   510    4.516            -232               0            -230          0.0000;
   511    4.524            -221               0            -219          0.0000;
   512    4.533            -212               0            -210          0.0000;
   513    4.542            -205               0            -203          0.0000;
   514    4.551            -200               0            -198          0.0000;
   515    4.560            -197               0            -196          0.0000;
   516    4.569            -196               0            -195          0.0000;
   517    4.578            -198               0            -196          0.0000;
   518    4.586            -200               0            -201          0.0000;
   519    4.595            -205               0            -206          0.0000;
   520    4.604            -211               0            -214          0.0000;
   521    4.613            -220               0            -224          0.0000;
   522    4.622            -229               0            -234          0.0000;
   523    4.631            -240               0            -246          0.0000;
   524    4.640            -252               0            -258          0.0000;
   525    4.648            -264               0            -271          0.0000;
   526    4.657            -276               0            -283          0.0000;
   527    4.666            -287               0            -296          0.0000;
   528    4.675            -298               0            -307          0.0000;
   529    4.684            -308               0            -318          0.0000;
   530    4.693            -316               0            -326          0.0000;
   531    4.702            -324               0            -334          0.0000;
   532    4.710            -329               0            -340          0.0000;
   533    4.719            -333               0            -343          0.0000;
   534    4.728            -334               0            -345          0.0000;
   535    4.737            -335               0            -345          0.0000;
   536    4.746            -333               0            -342          0.0000;
   537    4.755            -329               0            -337          0.0000;
   538    4.764            -325               0            -331          0.0000;
   539    4.772            -319               0            -323          0.0000;
   540    4.781            -311               0            -314          0.0000;
   541    4.790            -301               0            -304          0.0000;
   542    4.799            -291               0            -293          0.0000;
   543    4.808            -280               0            -281          0.0000;
   544    4.817            -269               0            -269          0.0000;
   545    4.826            -259               0            -258          0.0000;
   546    4.834            -248               0            -248          0.0000;
   547    4.843            -239               0            -237          0.0000;
   548    4.852            -231               0            -229          0.0000;
   549    4.861            -223               0            -221          0.0000;
   550    4.870            -217               0            -216          0.0000;
   551    4.879            -213               0            -211          0.0000;
   552    4.888            -211               0            -209          0.0000;
   553    4.896            -210               0            -208          0.0000;
   554    4.905            -211               0            -210          0.0000;
   555    4.914            -213               0            -213          0.0000;
   556    4.923            -217               0            -218          0.0000;
   557    4.932            -222               0            -225          0.0000;
   558    4.941            -229               0            -233          0.0000;
   559    4.949            -237               0            -242          0.0000;
   560    4.958            -245               0            -251          0.0000;
   561    4.967            -255               0            -262          0.0000;
   562    4.976            -265               0            -272          0.0000;
   563    4.985            -275               0            -282          0.0000;
   564    4.994            -284               0            -293          0.0000;
   565    5.003            -293               0            -302          0.0000;
   566    5.011            -301               0            -310          0.0000;
   567    5.020            -308               0            -318          0.0000;
   568    5.029            -314               0            -324          0.0000;
   569    5.038            -318               0            -328          0.0000;
   570    5.047            -321               0            -331          0.0000;
   571    5.056            -323               0            -333          0.0000;
   572    5.065            -323               0            -331          0.0000;
   573    5.073            -321               0            -329          0.0000;
   574    5.082            -318               0            -325          0.0000;
   575    5.091            -314               0            -320          0.0000;
   576    5.100            -309               0            -313          0.0000;
   577    5.109            -303               0            -306          0.0000;
   578    5.118            -295               0            -297          0.0000;
   579    5.127            -287               0            -288          0.0000;
   580    5.135            -278               0            -278          0.0000;
   581    5.144            -269               0            -269          0.0000;
   582    5.153            -260               0            -260          0.0000;
   583    5.162            -252               0            -251          0.0000;
   584    5.171            -244               0            -243          0.0000;
   585    5.180            -237               0            -236          0.0000;
   586    5.189            -232               0            -230          0.0000;
   587    5.197            -227               0            -226          0.0000;
   588    5.206            -224               0            -223          0.0000;
   589    5.215            -223               0            -221          0.0000;
   590    5.224            -222               0            -221          0.0000;
   591    5.233            -224               0            -222          0.0000;
   592    5.242            -225               0            -226          0.0000;
   593    5.251            -228               0            -230          0.0000;
   594    5.259            -233               0            -236          0.0000;
   595    5.268            -238               0            -242          0.0000;
   596    5.277            -245               0            -250          0.0000;
   597    5.286            -252               0            -258          0.0000;
   598    5.295            -260               0            -266          0.0000;
   599    5.304            -268               0            -275          0.0000;
   600    5.313            -276               0            -283          0.0000;
   601    5.321            -284              -1            -291          0.0000;
   602    5.330            -290              -1            -299          0.0000;
   603    5.339            -297              -1            -306          0.0000;
   604    5.348            -302              -1            -311          0.0000;
   605    5.357            -306              -1            -316          0.0000;
   606    5.366            -309              -1            -319          0.0000;
   607    5.374            -312              -1            -321          0.0000;
   608    5.383            -312              -1            -322          0.0000;
   609    5.392            -312              -1            -320          0.0000;
   610    5.401            -310              -1            -318          0.0000;
   611    5.410            -308              -1            -314          0.0000;
   612    5.419            -304              -1            -309          0.0000;
   613    5.428            -300              -1            -304          0.0000;
   614    5.436            -294              -1            -297          0.0000;
   615    5.445            -288              -1            -290          0.0000;
   616    5.454            -281              -1            -282          0.0000;
   617    5.463            -274              -1            -275          0.0000;
   618    5.472            -267              -1            -267          0.0000;
   619    5.481            -260              -1            -260          0.0000;
   620    5.490            -253              -1            -253          0.0000;
   621    5.498            -248              -1            -247          0.0000;
   622    5.507            -243              -1            -242          0.0000;
   623    5.516            -239              -1            -237          0.0000;
   624    5.525            -236              -1            -234          0.0000;
   625    5.534            -233              -1            -233          0.0000;
   626    5.543            -233              -1            -232          0.0000;
   627    5.552            -234              -1            -232          0.0000;
   628    5.560            -234              -1            -234          0.0000;
   629    5.569            -236              -1            -237          0.0000;
   630    5.578            -239              -1            -241          0.0000;
   631    5.587            -243              -1            -246          0.0000;
   632    5.596            -248              -1            -252          0.0000;
   633    5.605            -253              -1            -258          0.0000;
   634    5.614            -259              -1            -265          0.0000;
   635    5.622            -265              -1            -272          0.0000;
   636    5.631            -272              -1            -279          0.0000;
   637    5.640            -278              -1            -285          0.0000;
   638    5.649            -284              -1            -291          0.0000;
   639    5.658            -289              -1            -297          0.0000;
   640    5.667            -293              -1            -302          0.0000;
   641    5.676            -297              -1            -306          0.0000;
   642    5.684            -300              -1            -309          0.0000;
   643    5.693            -302              -1            -311          0.0000;
   644    5.702            -303              -1            -312          0.0000;
   645    5.711            -303              -1            -310          0.0000;
   646    5.720            -302              -1            -310          0.0000;
   647    5.729            -300              -1            -307          0.0000;
   648    5.738            -297              -1            -303          0.0000;
   649    5.746            -295              -1            -299          0.0000;
   650    5.755            -291              -1            -294          0.0000;
   651    5.764            -286              -1            -288          0.0000;
   652    5.773            -281              -1            -282          0.0000;
   653    5.782            -275              -1            -277          0.0000;
   654    5.791            -270              -1            -270          0.0000;
   655    5.799            -264              -1            -265          0.0000;
   656    5.808            -259              -1            -259          0.0000;
   657    5.817            -255              -1            -254          0.0000;
   658    5.826            -251              -1            -250          0.0000;
   659    5.835            -247              -1            -246          0.0000;
   660    5.844            -244              -1            -244          0.0000;
   661    5.853            -243              -1            -242          0.0000;
   662    5.861            -242              -1            -241          0.0000;
   663    5.870            -241              -1            -241          0.0000;
   664    5.879            -243              -1            -242          0.0000;
   665    5.888            -244              -1            -245          0.0000;
   666    5.897            -246              -1            -248          0.0000;
   667    5.906            -249              -1            -252          0.0000;
   668    5.915            -253              -1            -257          0.0000;
   669    5.923            -257              -1            -262          0.0000;
   670    5.932            -261              -1            -267          0.0000;
   671    5.941            -266              -1            -272          0.0000;
   672    5.950            -271              -1            -277          0.0000;
   673    5.959            -276              -1            -282          0.0000;
   674    5.968            -280              -1            -287          0.0000;
   675    5.977            -284              -1            -292          0.0000;
   676    5.985            -288              -1            -296          0.0000]
