 Sample   Time     Commanded Pos   Encoder 1 Pos   Encoder 2 Pos   Control Effort

[    0    0.000               0               0               0          0.5000;
     1    0.009               0               2               0          0.5000;
     2    0.018               0               9               0          0.5000;
     3    0.027               1              20               0          0.5000;
     4    0.035               1              35               1          0.5000;
     5    0.044               2              53               2          0.5000;
     6    0.053               4              73               5          0.5000;
     7    0.062               7              96              10          0.5000;
     8    0.071              13             120              17          0.5000;
     9    0.080              22             144              26          0.5000;
    10    0.089              34             167              38          0.5000;
    11    0.097              49             190              54          0.5000;
    12    0.106              66             213              73          0.5000;
    13    0.115              87             235              95          0.5000;
    14    0.124             113             257             120          0.5000;
    15    0.133             140             278             149          0.5000;
    16    0.142             171             300             181          0.5000;
    17    0.151             205             321             215          0.5000;
    18    0.159             242             342             252          0.5000;
    19    0.168             281             364             291          0.5000;
    20    0.177             322             387             332          0.5000;
    21    0.186             364             410             373          0.5000;
    22    0.195             405             435             415          0.5000;
    23    0.204             447             461             457          0.5000;
    24    0.213             489             489             499          0.5000;
    25    0.221             528             518             540          0.5000;
    26    0.230             567             550             580          0.5000;
    27    0.239             606             583             619          0.5000;
    28    0.248             643             619             656          0.5000;
    29    0.257             678             656             692          0.5000;
    30    0.266             714             695             726          0.5000;
    31    0.274             747             736             760          0.5000;
    32    0.283             778             778             791          0.5000;
    33    0.292             810             822             822          0.5000;
    34    0.301             840             867             853          0.5000;
    35    0.310             870             912             883          0.5000;
    36    0.319             900             957             913          0.5000;
    37    0.328             931            1001             945          0.5000;
    38    0.336             964            1043             977          0.5000;
    39    0.345             995            1084            1010          0.5000;
    40    0.354            1031            1123            1045          0.5000;
    41    0.363            1066            1161            1081          0.5000;
    42    0.372            1105            1198            1119          0.5000;
    43    0.381            1146            1232            1158          0.5000;
    44    0.390            1186            1265            1199          0.5000;
    45    0.398            1229            1297            1241          0.5000;
    46    0.407            1271            1328            1284          0.5000;
    47    0.416            1313            1359            1327          0.5000;
    48    0.425            1356            1390            1371          0.5000;
    49    0.434            1400            1420            1414          0.5000;
    50    0.443            1443            1451            1457          0.5000;
    51    0.452            1486            1483            1500          0.5000;
    52    0.460            1530            1515            1541          0.5000;
    53    0.469            1570            1549            1581          0.5000;
    54    0.478            1609            1586            1620          0.5000;
    55    0.487            1647            1626            1658          0.5000;
    56    0.496            1681            1669            1694          0.5000;
    57    0.505            1716            1714            1729          0.5000;
    58    0.514            1750            1762            1763          0.5000;
    59    0.522            1782            1812            1796          0.5000;
    60    0.531            1815            1864            1829          0.5000;
    61    0.540            1849            1917            1863          0.5000;
    62    0.549            1883            1972            1898          0.5000;
    63    0.558            1920            2028            1934          0.5000;
    64    0.567            1960            2085            1972          0.5000;
    65    0.576            2000            2143            2012          0.5000;
    66    0.584            2043            2201            2056          0.5000;
    67    0.593            2089            2260            2102          0.5000;
    68    0.602            2139            2318            2153          0.5000;
    69    0.611            2191            2375            2207          0.5000;
    70    0.620            2250            2432            2265          0.5000;
    71    0.629            2314            2489            2327          0.5000;
    72    0.638            2381            2545            2392          0.5000;
    73    0.646            2450            2602            2461          0.5000;
    74    0.655            2521            2658            2534          0.5000;
    75    0.664            2597            2715            2609          0.5000;
    76    0.673            2672            2773            2687          0.5000;
    77    0.682            2757            2831            2766          0.5000;
    78    0.691            2837            2889            2846          0.5000;
    79    0.699            2917            2949            2928          0.5000;
    80    0.708            2997            3011            3009          0.5000;
    81    0.717            3079            3075            3089          0.5000;
    82    0.726            3162            3142            3169          0.5000;
    83    0.735            3239            3211            3248          0.5000;
    84    0.744            3318            3282            3325          0.5000;
    85    0.753            3391            3355            3401          0.5000;
    86    0.761            3466            3430            3476          0.5000;
    87    0.770            3542            3508            3548          0.5000;
    88    0.779            3613            3588            3620          0.5000;
    89    0.788            3682            3669            3690          0.5000;
    90    0.797            3751            3752            3759          0.5000;
    91    0.806            3819            3835            3828          0.5000;
    92    0.815            3888            3919            3896          0.5000;
    93    0.823            3959            4002            3965          0.5000;
    94    0.832            4029            4086            4034          0.5000;
    95    0.841            4098            4170            4105          0.5000;
    96    0.850            4171            4254            4177          0.5000;
    97    0.859            4246            4338            4251          0.5000;
    98    0.868            4317            4422            4326          0.5000;
    99    0.877            4404            4507            4404          0.5000;
   100    0.885            4480            4592            4485          0.5000;
   101    0.894            4561            4677            4568          0.5000;
   102    0.903            4648            4764            4653          0.5000;
   103    0.912            4736            4853            4741          0.5000;
   104    0.921            4828            4943            4832          0.5000;
   105    0.930            4923            5035            4925          0.5000;
   106    0.939            5016            5127            5022          0.5000;
   107    0.947            5115            5221            5120          0.5000;
   108    0.956            5223            5317            5221          0.5000;
   109    0.965            5321            5413            5325          0.5000;
   110    0.974            5426            5511            5430          0.5000;
   111    0.983            5537            5609            5538          0.5000;
   112    0.992            5646            5708            5648          0.5000;
   113    1.001            5757            5808            5758          0.5000;
   114    1.009            5869            5909            5870          0.5000;
   115    1.018            5986            6009            5983          0.5000;
   116    1.027            6097            6109            6097          0.5000;
   117    1.036            6209            6211            6210          0.5000;
   118    1.045            6324            6312            6323          0.5000;
   119    1.054            6437            6415            6436          0.5000;
   120    1.063            6550            6517            6549          0.5000;
   121    1.071            6660            6621            6660          0.5000;
   122    1.080            6772            6726            6770          0.5000;
   123    1.089            6882            6833            6879          0.5000;
   124    1.098            6989            6942            6987          0.5000;
   125    1.107            7093            7054            7093          0.5000;
   126    1.116            7202            7168            7199          0.5000;
   127    1.124            7307            7286            7303          0.5000;
   128    1.133            7407            7407            7407          0.5000;
   129    1.142            7513            7532            7511          0.5000;
   130    1.151            7618            7659            7615          0.5000;
   131    1.160            7721            7789            7720          0.5000;
   132    1.169            7828            7921            7827          0.5000;
   133    1.178            7938            8054            7935          0.5000;
   134    1.186            8051            8187            8047          0.5000;
   135    1.195            8165            8319            8163          0.5000;
   136    1.204            8283            8450            8282          0.5000;
   137    1.213            8410            8578            8406          0.5000;
   138    1.222            8538            8703            8535          0.5000;
   139    1.231            8667            8825            8667          0.5000;
   140    1.240            8807            8945            8803          0.5000;
   141    1.248            8947            9062            8943          0.5000;
   142    1.257            9087            9177            9086          0.5000;
   143    1.266            9236            9291            9232          0.5000;
   144    1.275            9382            9404            9378          0.5000;
   145    1.284            9527            9517            9525          0.5000;
   146    1.293            9677            9632            9671          0.5000;
   147    1.302            9820            9750            9816          0.5000;
   148    1.310            9962            9872            9959          0.5000;
   149    1.319           10103            9999           10100          0.5000;
   150    1.328           10241           10131           10237          0.5000;
   151    1.337           10377           10271           10372          0.5000;
   152    1.346           10508           10416           10504          0.5000;
   153    1.355           10636           10567           10633          0.5000;
   154    1.364           10765           10723           10761          0.5000;
   155    1.372           10890           10883           10887          0.5000;
   156    1.381           11013           11045           11012          0.5000;
   157    1.390           11141           11208           11138          0.5000;
   158    1.399           11268           11369           11265          0.5000;
   159    1.408           11395           11528           11394          0.5000;
   160    1.417           11531           11685           11527          0.5000;
   161    1.426           11666           11837           11664          0.5000;
   162    1.434           11805           11986           11804          0.5000;
   163    1.443           11953           12131           11949          0.5000;
   164    1.452           12099           12272           12098          0.5000;
   165    1.461           12251           12411           12252          0.5000;
   166    1.470           12413           12548           12409          0.5000;
   167    1.479           12570           12684           12569          0.5000;
   168    1.488           12731           12820           12731          0.5000;
   169    1.496           12900           12959           12895          0.5000;
   170    1.505           13061           13099           13061          0.5000;
   171    1.514           13227           13242           13227          0.5000;
   172    1.523           13394           13388           13392          0.5000;
   173    1.532           13558           13537           13557          0.5000;
   174    1.541           13719           13690           13721          0.5000;
   175    1.549           13886           13845           13883          0.5000;
   176    1.558           14046           14002           14044          0.5000;
   177    1.567           14200           14161           14203          0.5000;
   178    1.576           14362           14322           14359          0.5000;
   179    1.585           14515           14484           14514          0.5000;
   180    1.594           14665           14647           14668          0.5000;
   181    1.603           14823           14811           14820          0.5000;
   182    1.611           14969           14976           14971          0.5000;
   183    1.620           15118           15143           15122          0.5000;
   184    1.629           15274           15312           15272          0.5000;
   185    1.638           15420           15483           15423          0.5000;
   186    1.647           15572           15657           15574          0.5000;
   187    1.656           15729           15832           15727          0.5000;
   188    1.665           15877           16009           15881          0.5000;
   189    1.673           16037           16185           16039          0.5000;
   190    1.682           16196           16361           16199          0.5000;
   191    1.691           16359           16534           16363          0.5000;
   192    1.700           16524           16704           16531          0.5000;
   193    1.709           16697           16871           16702          0.5000;
   194    1.718           16872           17035           16877          0.5000;
   195    1.727           17045           17194           17054          0.5000;
   196    1.735           17236           17351           17235          0.5000;
   197    1.744           17409           17505           17418          0.5000;
   198    1.753           17598           17658           17602          0.5000;
   199    1.762           17782           17812           17788          0.5000;
   200    1.771           17965           17967           17973          0.5000;
   201    1.780           18146           18125           18157          0.5000;
   202    1.789           18335           18288           18339          0.5000;
   203    1.797           18510           18456           18519          0.5000;
   204    1.806           18689           18629           18697          0.5000;
   205    1.815           18871           18807           18872          0.5000;
   206    1.824           19038           18989           19045          0.5000;
   207    1.833           19210           19174           19216          0.5000;
   208    1.842           19384           19361           19385          0.5000;
   209    1.851           19547           19550           19554          0.5000;
   210    1.859           19713           19739           19721          0.5000;
   211    1.868           19887           19928           19889          0.5000;
   212    1.877           20053           20116           20057          0.5000;
   213    1.886           20217           20305           20227          0.5000;
   214    1.895           20401           20493           20398          0.5000;
   215    1.904           20562           20681           20571          0.5000;
   216    1.913           20741           20869           20747          0.5000;
   217    1.921           20925           21058           20925          0.5000;
   218    1.930           21100           21248           21107          0.5000;
   219    1.939           21291           21437           21293          0.5000;
   220    1.948           21479           21626           21482          0.5000;
   221    1.957           21671           21812           21674          0.5000;
   222    1.966           21865           21997           21871          0.5000;
   223    1.974           22076           22179           22070          0.5000;
   224    1.983           22266           22358           22273          0.5000;
   225    1.992           22476           22535           22477          0.5000;
   226    2.001           22682           22710           22683          0.5000;
   227    2.010           22887           22885           22890          0.5000;
   228    2.019           23093           23061           23097          0.5000;
   229    2.028           23305           23240           23302          0.5000;
   230    2.036           23500           23422           23506          0.5000;
   231    2.045           23705           23610           23708          0.5000;
   232    2.054           23908           23803           23908          0.5000;
   233    2.063           24101           24001           24104          0.5000;
   234    2.072           24292           24204           24298          0.5000;
   235    2.081           24493           24411           24490          0.5000;
   236    2.090           24673           24621           24680          0.5000;
   237    2.098           24865           24833           24868          0.5000;
   238    2.107           25055           25047           25056          0.5000;
   239    2.116           25240           25260           25243          0.5000;
   240    2.125           25426           25473           25432          0.5000;
   241    2.134           25623           25686           25621          0.5000;
   242    2.143           25807           25898           25812          0.5000;
   243    2.152           26001           26111           26006          0.5000;
   244    2.160           26202           26324           26202          0.5000;
   245    2.169           26397           26538           26402          0.5000;
   246    2.178           26601           26751           26606          0.5000;
   247    2.187           26813           26963           26813          0.5000;
   248    2.196           27019           27172           27025          0.5000;
   249    2.205           27237           27377           27240          0.5000;
   250    2.214           27457           27578           27459          0.5000;
   251    2.222           27676           27776           27682          0.5000;
   252    2.231           27901           27970           27907          0.5000;
   253    2.240           28131           28163           28133          0.5000;
   254    2.249           28353           28355           28361          0.5000;
   255    2.258           28583           28549           28588          0.5000;
   256    2.267           28811           28745           28813          0.5000;
   257    2.276           29028           28945           29037          0.5000;
   258    2.284           29256           29149           29259          0.5000;
   259    2.293           29471           29360           29477          0.5000;
   260    2.302           29684           29575           29692          0.5000;
   261    2.311           29897           29795           29903          0.5000;
   262    2.320           30108           30018           30112          0.5000;
   263    2.329           30306           30244           30317          0.5000;
   264    2.338           30516           30471           30521          0.5000;
   265    2.346           30714           30699           30723          0.5000;
   266    2.355           30913           30928           30924          0.5000;
   267    2.364           31117           31157           31125          0.5000;
   268    2.373           31317           31388           31326          0.5000;
   269    2.382           31514           31620           31528          0.5000;
   270    2.391           31726           31853           31733          0.5000;
   271    2.399           31930           32086           31939          0.5000;
   272    2.408           32134           32318           32150          0.5000;
   273    2.417           32356           32546           32364          0.5000;
   274    2.426           32568           32771           32583          0.5000;
   275    2.435           32792           32991           32805          0.5000;
   276    2.444           33019           33207           33033          0.5000;
   277    2.453           33258           33417           33265          0.5000;
   278    2.461           33478           33624           33499          0.5000;
   279    2.470           33727           33828           33736          0.5000;
   280    2.479           33967           34032           33975          0.5000;
   281    2.488           34192           34237           34216          0.5000;
   282    2.497           34455           34445           34456          0.5000;
   283    2.506           34681           34657           34696          0.5000;
   284    2.515           34920           34872           34934          0.5000;
   285    2.523           35169           35091           35170          0.5000;
   286    2.532           35388           35313           35403          0.5000;
   287    2.541           35630           35536           35634          0.5000;
   288    2.550           35855           35763           35862          0.5000;
   289    2.559           36081           35992           36087          0.5000;
   290    2.568           36301           36225           36309          0.5000;
   291    2.577           36529           36460           36529          0.5000;
   292    2.585           36741           36698           36746          0.5000;
   293    2.594           36955           36940           36962          0.5000;
   294    2.603           37182           37185           37178          0.5000;
   295    2.612           37385           37433           37393          0.5000;
   296    2.621           37610           37682           37609          0.5000;
   297    2.630           37826           37931           37827          0.5000;
   298    2.639           38055           38178           38048          0.5000;
   299    2.647           38263           38421           38272          0.5000;
   300    2.656           38505           38659           38499          0.5000;
   301    2.665           38734           38893           38731          0.5000;
   302    2.674           38963           39124           38966          0.5000;
   303    2.683           39214           39353           39206          0.5000;
   304    2.692           39449           39581           39450          0.5000;
   305    2.701           39701           39808           39697          0.5000;
   306    2.709           39949           40036           39947          0.5000;
   307    2.718           40198           40264           40198          0.5000;
   308    2.727           40460           40492           40452          0.5000;
   309    2.736           40703           40719           40706          0.5000;
   310    2.745           40965           40947           40961          0.5000;
   311    2.754           41221           41175           41214          0.5000;
   312    2.763           41463           41404           41467          0.5000;
   313    2.771           41728           41634           41717          0.5000;
   314    2.780           41969           41867           41965          0.5000;
   315    2.789           42210           42104           42211          0.5000;
   316    2.798           42465           42347           42453          0.5000;
   317    2.807           42694           42596           42693          0.5000;
   318    2.816           42930           42850           42930          0.5000;
   319    2.824           43173           43107           43164          0.5000;
   320    2.833           43396           43367           43396          0.5000;
   321    2.842           43627           43626           43627          0.5000;
   322    2.851           43863           43885           43857          0.5000;
   323    2.860           44089           44143           44088          0.5000;
   324    2.869           44317           44399           44320          0.5000;
   325    2.878           44562           44655           44553          0.5000;
   326    2.886           44787           44909           44788          0.5000;
   327    2.895           45023           45164           45026          0.5000;
   328    2.904           45277           45418           45267          0.5000;
   329    2.913           45506           45671           45512          0.5000;
   330    2.922           45757           45921           45760          0.5000;
   331    2.931           46020           46168           46012          0.5000;
   332    2.940           46257           46411           46266          0.5000;
   333    2.948           46526           46650           46524          0.5000;
   334    2.957           46788           46887           46784          0.5000;
   335    2.966           47037           47122           47047          0.5000;
   336    2.975           47317           47358           47310          0.5000;
   337    2.984           47572           47596           47574          0.5000;
   338    2.993           47827           47836           47838          0.5000;
   339    3.002           48111           48080           48101          0.0000;
   340    3.010           48353           48325           48362          0.0000;
   341    3.019           48608           48569           48622          0.0000;
   342    3.028           48892           48811           48879          0.0000;
   343    3.037           49116           49051           49134          0.0000;
   344    3.046           49375           49288           49386          0.0000;
   345    3.055           49651           49524           49634          0.0000;
   346    3.064           49852           49759           49879          0.0000;
   347    3.072           50115           49995           50119          0.0000;
   348    3.081           50367           50231           50356          0.0000;
   349    3.090           50562           50469           50589          0.0000;
   350    3.099           50822           50708           50817          0.0000;
   351    3.108           51046           50948           51043          0.0000;
   352    3.117           51249           51187           51265          0.0000;
   353    3.126           51482           51424           51484          0.0000;
   354    3.134           51708           51660           51702          0.0000;
   355    3.143           51899           51891           51918          0.0000;
   356    3.152           52131           52120           52133          0.0000;
   357    3.161           52353           52347           52347          0.0000;
   358    3.170           52541           52572           52561          0.0000;
   359    3.179           52782           52795           52775          0.0000;
   360    3.188           52985           53015           52989          0.0000;
   361    3.196           53192           53233           53203          0.0000;
   362    3.205           53417           53449           53418          0.0000;
   363    3.214           53639           53661           53634          0.0000;
   364    3.223           53834           53870           53850          0.0000;
   365    3.232           54077           54074           54067          0.0000;
   366    3.241           54284           54274           54284          0.0000;
   367    3.249           54490           54469           54500          0.0000;
   368    3.258           54721           54661           54716          0.0000;
   369    3.267           54933           54849           54931          0.0000;
   370    3.276           55131           55037           55143          0.0000;
   371    3.285           55358           55224           55353          0.0000;
   372    3.294           55561           55412           55558          0.0000;
   373    3.303           55748           55601           55761          0.0000;
   374    3.311           55966           55792           55959          0.0000;
   375    3.320           56154           55985           56153          0.0000;
   376    3.329           56330           56179           56342          0.0000;
   377    3.338           56534           56374           56528          0.0000;
   378    3.347           56707           56569           56709          0.0000;
   379    3.356           56878           56764           56887          0.0000;
   380    3.365           57066           56958           57062          0.0000;
   381    3.373           57233           57150           57234          0.0000;
   382    3.382           57395           57340           57405          0.0000;
   383    3.391           57579           57527           57574          0.0000;
   384    3.400           57739           57712           57741          0.0000;
   385    3.409           57898           57895           57908          0.0000;
   386    3.418           58078           58077           58075          0.0000;
   387    3.427           58239           58256           58242          0.0000;
   388    3.435           58401           58433           58410          0.0000;
   389    3.444           58580           58607           58578          0.0000;
   390    3.453           58744           58779           58748          0.0000;
   391    3.462           58909           58948           58918          0.0000;
   392    3.471           59089           59113           59089          0.0000;
   393    3.480           59258           59275           59260          0.0000;
   394    3.489           59423           59431           59432          0.0000;
   395    3.497           59606           59583           59605          0.0000;
   396    3.506           59773           59731           59777          0.0000;
   397    3.515           59938           59876           59947          0.0000;
   398    3.524           60116           60017           60116          0.0000;
   399    3.533           60277           60158           60282          0.0000;
   400    3.542           60436           60297           60445          0.0000;
   401    3.551           60604           60436           60604          0.0000;
   402    3.559           60754           60577           60758          0.0000;
   403    3.568           60898           60720           60907          0.0000;
   404    3.577           61051           60865           61052          0.0000;
   405    3.586           61187           61012           61191          0.0000;
   406    3.595           61316           61161           61325          0.0000;
   407    3.604           61453           61312           61455          0.0000;
   408    3.613           61577           61464           61581          0.0000;
   409    3.621           61695           61617           61704          0.0000;
   410    3.630           61822           61770           61825          0.0000;
   411    3.639           61937           61920           61943          0.0000;
   412    3.648           62051           62068           62061          0.0000;
   413    3.657           62175           62211           62178          0.0000;
   414    3.666           62288           62349           62296          0.0000;
   415    3.674           62406           62483           62415          0.0000;
   416    3.683           62534           62610           62536          0.0000;
   417    3.692           62649           62732           62658          0.0000;
   418    3.701           62771           62849           62782          0.0000;
   419    3.710           62906           62961           62908          0.0000;
   420    3.719           63022           63070           63034          0.0000;
   421    3.728           63149           63175           63161          0.0000;
   422    3.736           63283           63278           63288          0.0000;
   423    3.745           63403           63379           63414          0.0000;
   424    3.754           63527           63480           63539          0.0000;
   425    3.763           63657           63580           63662          0.0000;
   426    3.772           63771           63681           63782          0.0000;
   427    3.781           63886           63782           63899          0.0000;
   428    3.790           64008           63884           64013          0.0000;
   429    3.798           64110           63987           64123          0.0000;
   430    3.807           64214           64092           64229          0.0000;
   431    3.816           64323           64199           64330          0.0000;
   432    3.825           64417           64305           64428          0.0000;
   433    3.834           64508           64412           64522          0.0000;
   434    3.843           64604           64519           64613          0.0000;
   435    3.852           64686           64624           64701          0.0000;
   436    3.860           64771           64728           64786          0.0000;
   437    3.869           64862           64829           64870          0.0000;
   438    3.878           64938           64928           64952          0.0000;
   439    3.887           65016           65023           65032          0.0000;
   440    3.896           65102           65115           65112          0.0000;
   441    3.905           65179           65202           65191          0.0000;
   442    3.914           65256           65285           65270          0.0000;
   443    3.922           65339           65363           65349          0.0000;
   444    3.931           65414           65438           65428          0.0000;
   445    3.940           65491           65509           65506          0.0000;
   446    3.949           65575           65577           65584          0.0000;
   447    3.958           65651           65641           65661          0.0000;
   448    3.967           65724           65704           65738          0.0000;
   449    3.976           65801           65765           65813          0.0000;
   450    3.984           65872           65825           65886          0.0000;
   451    3.993           65944           65884           65957          0.0000;
   452    4.002           66015           65942           66025          0.0000;
   453    4.011           66079           66001           66091          0.0000;
   454    4.020           66141           66060           66154          0.0000;
   455    4.029           66202           66119           66215          0.0000;
   456    4.038           66259           66179           66272          0.0000;
   457    4.046           66314           66239           66326          0.0000;
   458    4.055           66367           66300           66377          0.0000;
   459    4.064           66417           66361           66426          0.0000;
   460    4.073           66462           66422           66473          0.0000;
   461    4.082           66508           66483           66519          0.0000;
   462    4.091           66551           66543           66562          0.0000;
   463    4.099           66591           66602           66605          0.0000;
   464    4.108           66635           66659           66648          0.0000;
   465    4.117           66678           66713           66690          0.0000;
   466    4.126           66722           66766           66732          0.0000;
   467    4.135           66766           66817           66775          0.0000;
   468    4.144           66810           66864           66818          0.0000;
   469    4.153           66853           66907           66863          0.0000;
   470    4.161           66898           66948           66908          0.0000;
   471    4.170           66943           66986           66953          0.0000;
   472    4.179           66989           67021           67000          0.0000;
   473    4.188           67035           67052           67046          0.0000;
   474    4.197           67082           67081           67092          0.0000;
   475    4.206           67130           67107           67137          0.0000;
   476    4.215           67175           67130           67181          0.0000;
   477    4.223           67217           67152           67224          0.0000;
   478    4.232           67258           67174           67264          0.0000;
   479    4.241           67295           67195           67302          0.0000;
   480    4.250           67329           67215           67336          0.0000;
   481    4.259           67359           67237           67367          0.0000;
   482    4.268           67386           67259           67394          0.0000;
   483    4.277           67410           67281           67417          0.0000;
   484    4.285           67430           67304           67437          0.0000;
   485    4.294           67445           67326           67452          0.0000;
   486    4.303           67457           67348           67464          0.0000;
   487    4.312           67466           67370           67473          0.0000;
   488    4.321           67471           67391           67478          0.0000;
   489    4.330           67475           67410           67481          0.0000;
   490    4.339           67476           67428           67482          0.0000;
   491    4.347           67475           67444           67481          0.0000;
   492    4.356           67474           67458           67479          0.0000;
   493    4.365           67473           67470           67476          0.0000;
   494    4.374           67470           67478           67473          0.0000;
   495    4.383           67468           67484           67470          0.0000;
   496    4.392           67466           67487           67467          0.0000;
   497    4.401           67464           67485           67465          0.0000;
   498    4.409           67463           67481           67463          0.0000;
   499    4.418           67462           67475           67461          0.0000;
   500    4.427           67461           67465           67460          0.0000;
   501    4.436           67461           67454           67460          0.0000;
   502    4.445           67460           67441           67458          0.0000;
   503    4.454           67459           67428           67457          0.0000;
   504    4.463           67457           67413           67455          0.0000;
   505    4.471           67454           67398           67452          0.0000;
   506    4.480           67451           67383           67447          0.0000;
   507    4.489           67445           67368           67441          0.0000;
   508    4.498           67438           67354           67433          0.0000;
   509    4.507           67429           67339           67423          0.0000;
   510    4.516           67418           67326           67412          0.0000;
   511    4.524           67404           67313           67398          0.0000;
   512    4.533           67388           67302           67382          0.0000;
   513    4.542           67370           67291           67364          0.0000;
   514    4.551           67351           67281           67344          0.0000;
   515    4.560           67332           67272           67324          0.0000;
   516    4.569           67311           67263           67301          0.0000;
   517    4.578           67290           67255           67279          0.0000;
   518    4.586           67267           67247           67256          0.0000;
   519    4.595           67245           67238           67233          0.0000;
   520    4.604           67222           67229           67211          0.0000;
   521    4.613           67201           67219           67190          0.0000;
   522    4.622           67181           67208           67169          0.0000;
   523    4.631           67162           67196           67151          0.0000;
   524    4.640           67145           67183           67133          0.0000;
   525    4.648           67129           67168           67118          0.0000;
   526    4.657           67115           67151           67104          0.0000;
   527    4.666           67102           67133           67092          0.0000;
   528    4.675           67091           67114           67081          0.0000;
   529    4.684           67081           67093           67072          0.0000;
   530    4.693           67073           67072           67063          0.0000;
   531    4.702           67065           67050           67055          0.0000;
   532    4.710           67057           67028           67048          0.0000;
   533    4.719           67049           67007           67040          0.0000;
   534    4.728           67041           66986           67032          0.0000;
   535    4.737           67032           66967           67022          0.0000;
   536    4.746           67022           66949           67012          0.0000;
   537    4.755           67011           66934           67001          0.0000;
   538    4.764           66998           66921           66988          0.0000;
   539    4.772           66985           66910           66974          0.0000;
   540    4.781           66970           66901           66958          0.0000;
   541    4.790           66953           66895           66942          0.0000;
   542    4.799           66936           66890           66925          0.0000;
   543    4.808           66919           66886           66907          0.0000;
   544    4.817           66902           66884           66890          0.0000;
   545    4.826           66884           66882           66872          0.0000;
   546    4.834           66868           66881           66856          0.0000;
   547    4.843           66853           66879           66840          0.0000;
   548    4.852           66838           66877           66826          0.0000;
   549    4.861           66826           66875           66814          0.0000;
   550    4.870           66816           66871           66804          0.0000;
   551    4.879           66808           66866           66796          0.0000;
   552    4.888           66802           66860           66790          0.0000;
   553    4.896           66798           66853           66787          0.0000;
   554    4.905           66797           66845           66786          0.0000;
   555    4.914           66797           66836           66786          0.0000;
   556    4.923           66799           66827           66789          0.0000;
   557    4.932           66802           66816           66793          0.0000;
   558    4.941           66805           66807           66798          0.0000;
   559    4.949           66809           66797           66803          0.0000;
   560    4.958           66813           66788           66808          0.0000;
   561    4.967           66818           66781           66813          0.0000;
   562    4.976           66821           66775           66818          0.0000;
   563    4.985           66824           66772           66821          0.0000;
   564    4.994           66826           66770           66823          0.0000;
   565    5.003           66827           66771           66824          0.0000;
   566    5.011           66826           66773           66823          0.0000;
   567    5.020           66826           66777           66821          0.0000;
   568    5.029           66824           66783           66819          0.0000;
   569    5.038           66821           66790           66815          0.0000;
   570    5.047           66818           66797           66811          0.0000;
   571    5.056           66815           66804           66807          0.0000;
   572    5.065           66812           66810           66803          0.0000;
   573    5.073           66810           66816           66800          0.0000;
   574    5.082           66807           66820           66797          0.0000;
   575    5.091           66806           66823           66796          0.0000;
   576    5.100           66805           66824           66795          0.0000;
   577    5.109           66806           66824           66796          0.0000;
   578    5.118           66806           66823           66797          0.0000;
   579    5.127           66808           66820           66800          0.0000;
   580    5.135           66811           66817           66804          0.0000;
   581    5.144           66814           66812           66808          0.0000;
   582    5.153           66817           66808           66812          0.0000;
   583    5.162           66820           66804           66817          0.0000;
   584    5.171           66824           66800           66821          0.0000;
   585    5.180           66827           66798           66825          0.0000;
   586    5.189           66830           66796           66828          0.0000;
   587    5.197           66832           66795           66830          0.0000;
   588    5.206           66834           66796           66832          0.0000;
   589    5.215           66834           66798           66832          0.0000;
   590    5.224           66834           66800           66832          0.0000;
   591    5.233           66834           66804           66831          0.0000;
   592    5.242           66833           66808           66829          0.0000;
   593    5.251           66831           66812           66827          0.0000;
   594    5.259           66830           66815           66825          0.0000;
   595    5.268           66828           66819           66823          0.0000;
   596    5.277           66826           66821           66820          0.0000;
   597    5.286           66825           66823           66818          0.0000;
   598    5.295           66823           66824           66816          0.0000;
   599    5.304           66822           66824           66815          0.0000;
   600    5.313           66822           66823           66814          0.0000;
   601    5.321           66821           66820           66814          0.0000;
   602    5.330           66821           66818           66814          0.0000;
   603    5.339           66822           66815           66814          0.0000;
   604    5.348           66822           66812           66815          0.0000;
   605    5.357           66822           66808           66816          0.0000;
   606    5.366           66823           66806           66817          0.0000;
   607    5.374           66823           66803           66818          0.0000;
   608    5.383           66824           66801           66818          0.0000;
   609    5.392           66824           66800           66819          0.0000;
   610    5.401           66824           66800           66819          0.0000;
   611    5.410           66824           66800           66818          0.0000;
   612    5.419           66824           66801           66818          0.0000;
   613    5.428           66823           66803           66817          0.0000;
   614    5.436           66823           66804           66816          0.0000;
   615    5.445           66822           66806           66815          0.0000;
   616    5.454           66822           66808           66814          0.0000;
   617    5.463           66821           66810           66813          0.0000;
   618    5.472           66820           66811           66813          0.0000;
   619    5.481           66820           66812           66812          0.0000;
   620    5.490           66819           66813           66812          0.0000;
   621    5.498           66819           66812           66812          0.0000;
   622    5.507           66820           66812           66812          0.0000;
   623    5.516           66820           66811           66813          0.0000;
   624    5.525           66821           66810           66814          0.0000;
   625    5.534           66821           66808           66815          0.0000;
   626    5.543           66822           66807           66816          0.0000;
   627    5.552           66822           66806           66817          0.0000;
   628    5.560           66823           66805           66818          0.0000;
   629    5.569           66824           66804           66818          0.0000;
   630    5.578           66824           66804           66819          0.0000;
   631    5.587           66824           66804           66819          0.0000;
   632    5.596           66825           66805           66820          0.0000;
   633    5.605           66825           66806           66819          0.0000;
   634    5.614           66824           66807           66819          0.0000;
   635    5.622           66824           66809           66819          0.0000;
   636    5.631           66824           66810           66818          0.0000;
   637    5.640           66823           66811           66818          0.0000;
   638    5.649           66823           66811           66817          0.0000;
   639    5.658           66823           66812           66817          0.0000;
   640    5.667           66823           66812           66816          0.0000;
   641    5.676           66822           66811           66816          0.0000;
   642    5.684           66822           66811           66816          0.0000;
   643    5.693           66822           66810           66816          0.0000;
   644    5.702           66822           66809           66816          0.0000;
   645    5.711           66822           66808           66816          0.0000;
   646    5.720           66822           66807           66816          0.0000;
   647    5.729           66822           66806           66816          0.0000;
   648    5.738           66822           66805           66816          0.0000;
   649    5.746           66822           66805           66816          0.0000;
   650    5.755           66822           66805           66816          0.0000;
   651    5.764           66822           66805           66816          0.0000;
   652    5.773           66822           66806           66816          0.0000;
   653    5.782           66822           66807           66815          0.0000;
   654    5.791           66822           66807           66815          0.0000;
   655    5.799           66822           66808           66815          0.0000;
   656    5.808           66822           66809           66815          0.0000;
   657    5.817           66822           66809           66815          0.0000;
   658    5.826           66822           66809           66815          0.0000;
   659    5.835           66822           66809           66815          0.0000;
   660    5.844           66822           66809           66815          0.0000;
   661    5.853           66822           66809           66816          0.0000;
   662    5.861           66822           66808           66816          0.0000;
   663    5.870           66822           66808           66816          0.0000;
   664    5.879           66822           66807           66817          0.0000;
   665    5.888           66823           66807           66817          0.0000;
   666    5.897           66823           66807           66817          0.0000;
   667    5.906           66823           66807           66817          0.0000;
   668    5.915           66823           66807           66818          0.0000;
   669    5.923           66823           66807           66818          0.0000;
   670    5.932           66823           66807           66818          0.0000;
   671    5.941           66823           66808           66817          0.0000;
   672    5.950           66823           66808           66817          0.0000;
   673    5.959           66823           66809           66817          0.0000;
   674    5.968           66823           66809           66817          0.0000;
   675    5.977           66823           66809           66817          0.0000;
   676    5.985           66822           66809           66816          0.0000]
