 Sample   Time     Commanded Pos   Encoder 1 Pos   Encoder 2 Pos   Control Effort

[    0    0.000            1000               0               0          1.7576;
     1    0.009            1000               8               0          1.7576;
     2    0.018            1000              33               0          1.7576;
     3    0.027            1000              75               1          1.7570;
     4    0.035            1000             133               4          1.7509;
     5    0.044            1000             204              10          1.7393;
     6    0.053            1000             287              22          1.7192;
     7    0.062            1000             377              40          1.6880;
     8    0.071            1000             475              66          1.6410;
     9    0.080            1000             578             103          1.5763;
    10    0.089            1000             685             152          1.4908;
    11    0.097            1000             790             214          1.3816;
    12    0.106            1000             891             290          1.2473;
    13    0.115            1000             988             381          1.0873;
    14    0.124            1000            1079             487          0.9017;
    15    0.133            1000            1162             608          0.6899;
    16    0.142            1000            1234             742          0.4542;
    17    0.151            1000            1297             887          0.1984;
    18    0.159            1000            1351            1043         -0.0757;
    19    0.168            1000            1395            1206         -0.3626;
    20    0.177            1000            1431            1373         -0.6557;
    21    0.186            1000            1457            1540         -0.9499;
    22    0.195            1000            1474            1705         -1.2393;
    23    0.204            1000            1482            1862         -1.5165;
    24    0.213            1000            1480            2010         -1.7753;
    25    0.221            1000            1471            2143         -2.0104;
    26    0.230            1000            1455            2260         -2.2149;
    27    0.239            1000            1433            2355         -2.3828;
    28    0.248            1000            1404            2428         -2.5110;
    29    0.257            1000            1371            2475         -2.5940;
    30    0.266            1000            1334            2496         -2.6306;
    31    0.274            1000            1293            2489         -2.6178;
    32    0.283            1000            1250            2453         -2.5549;
    33    0.292            1000            1206            2389         -2.4420;
    34    0.301            1000            1163            2297         -2.2808;
    35    0.310            1000            1122            2179         -2.0726;
    36    0.319            1000            1083            2037         -1.8230;
    37    0.328            1000            1044            1873         -1.5354;
    38    0.336            1000            1005            1691         -1.2149;
    39    0.345            1000             964            1494         -0.8694;
    40    0.354            1000             922            1287         -0.5055;
    41    0.363            1000             879            1074         -0.1300;
    42    0.372            1000             836             858          0.2491;
    43    0.381            1000             791             644          0.6258;
    44    0.390            1000             745             436          0.9908;
    45    0.398            1000             697             238          1.3400;
    46    0.407            1000             649              53          1.6642;
    47    0.416            1000             602            -115          1.9609;
    48    0.425            1000             558            -265          2.2241;
    49    0.434            1000             519            -393          2.4487;
    50    0.443            1000             486            -498          2.6337;
    51    0.452            1000             461            -578          2.7747;
    52    0.460            1000             444            -633          2.8706;
    53    0.469            1000             436            -661          2.9206;
    54    0.478            1000             437            -663          2.9225;
    55    0.487            1000             446            -638          2.8791;
    56    0.496            1000             464            -586          2.7894;
    57    0.505            1000             490            -511          2.6557;
    58    0.514            1000             523            -411          2.4805;
    59    0.522            1000             563            -290          2.2674;
    60    0.531            1000             609            -149          2.0208;
    61    0.540            1000             658               9          1.7424;
    62    0.549            1000             710             181          1.4402;
    63    0.558            1000             763             364          1.1184;
    64    0.567            1000             817             555          0.7827;
    65    0.576            1000             871             750          0.4383;
    66    0.584            1000             926             947          0.0928;
    67    0.593            1000             982            1142         -0.2497;
    68    0.602            1000            1039            1330         -0.5806;
    69    0.611            1000            1095            1510         -0.8962;
    70    0.620            1000            1151            1677         -1.1911;
    71    0.629            1000            1207            1830         -1.4597;
    72    0.638            1000            1262            1966         -1.6996;
    73    0.646            1000            1314            2085         -1.9078;
    74    0.655            1000            1361            2183         -2.0806;
    75    0.664            1000            1403            2261         -2.2179;
    76    0.673            1000            1438            2317         -2.3162;
    77    0.682            1000            1465            2351         -2.3761;
    78    0.691            1000            1484            2363         -2.3974;
    79    0.699            1000            1494            2354         -2.3803;
    80    0.708            1000            1496            2322         -2.3254;
    81    0.717            1000            1489            2271         -2.2357;
    82    0.726            1000            1474            2201         -2.1123;
    83    0.735            1000            1451            2114         -1.9579;
    84    0.744            1000            1419            2010         -1.7759;
    85    0.753            1000            1381            1893         -1.5708;
    86    0.761            1000            1335            1764         -1.3437;
    87    0.770            1000            1283            1626         -1.1001;
    88    0.779            1000            1225            1480         -0.8443;
    89    0.788            1000            1163            1329         -0.5788;
    90    0.797            1000            1098            1175         -0.3077;
    91    0.806            1000            1030            1020         -0.0360;
    92    0.815            1000             960             867          0.2332;
    93    0.823            1000             887             718          0.4963;
    94    0.832            1000             812             574          0.7497;
    95    0.841            1000             737             436          0.9908;
    96    0.850            1000             662             308          1.2167;
    97    0.859            1000             590             189          1.4255;
    98    0.868            1000             522              81          1.6148;
    99    0.877            1000             461             -15          1.7833;
   100    0.885            1000             409             -98          1.9298;
   101    0.894            1000             366            -167          2.0519;
   102    0.903            1000             333            -222          2.1490;
   103    0.912            1000             310            -263          2.2198;
   104    0.921            1000             295            -288          2.2650;
   105    0.930            1000             290            -299          2.2827;
   106    0.939            1000             294            -293          2.2741;
   107    0.947            1000             307            -273          2.2381;
   108    0.956            1000             329            -238          2.1758;
   109    0.965            1000             359            -188          2.0885;
   110    0.974            1000             398            -124          1.9768;
   111    0.983            1000             445             -48          1.8413;
   112    0.992            1000             500              42          1.6850;
   113    1.001            1000             561             142          1.5085;
   114    1.009            1000             628             252          1.3144;
   115    1.018            1000             697             372          1.1038;
   116    1.027            1000             767             499          0.8803;
   117    1.036            1000             836             633          0.6441;
   118    1.045            1000             904             772          0.4011;
   119    1.054            1000             970             913          0.1532;
   120    1.063            1000            1035            1055         -0.0965;
   121    1.071            1000            1098            1196         -0.3443;
   122    1.080            1000            1158            1334         -0.5867;
   123    1.089            1000            1214            1466         -0.8199;
   124    1.098            1000            1267            1592         -1.0409;
   125    1.107            1000            1315            1709         -1.2473;
   126    1.116            1000            1358            1815         -1.4335;
   127    1.124            1000            1393            1910         -1.6001;
   128    1.133            1000            1421            1991         -1.7424;
   129    1.142            1000            1441            2057         -1.8596;
   130    1.151            1000            1453            2108         -1.9487;
   131    1.160            1000            1457            2142         -2.0085;
   132    1.169            1000            1452            2159         -2.0372;
   133    1.178            1000            1440            2157         -2.0354;
   134    1.186            1000            1421            2138         -2.0006;
   135    1.195            1000            1395            2101         -1.9353;
   136    1.204            1000            1363            2046         -1.8388;
   137    1.213            1000            1326            1974         -1.7125;
   138    1.222            1000            1285            1886         -1.5580;
   139    1.231            1000            1240            1784         -1.3785;
   140    1.240            1000            1192            1669         -1.1764;
   141    1.248            1000            1143            1542         -0.9536;
   142    1.257            1000            1093            1406         -0.7143;
   143    1.266            1000            1041            1263         -0.4634;
   144    1.275            1000             989            1116         -0.2039;
   145    1.284            1000             935             966          0.0592;
   146    1.293            1000             880             817          0.3211;
   147    1.302            1000             825             670          0.5806;
   148    1.310            1000             769             528          0.8303;
   149    1.319            1000             713             393          1.0672;
   150    1.328            1000             658             266          1.2900;
   151    1.337            1000             606             151          1.4927;
   152    1.346            1000             557              48          1.6740;
   153    1.355            1000             515             -42          1.8321;
   154    1.364            1000             480            -117          1.9640;
   155    1.372            1000             453            -176          2.0678;
   156    1.381            1000             435            -219          2.1429;
   157    1.390            1000             426            -245          2.1886;
   158    1.399            1000             425            -254          2.2039;
   159    1.408            1000             434            -244          2.1874;
   160    1.417            1000             451            -218          2.1404;
   161    1.426            1000             476            -174          2.0647;
   162    1.434            1000             507            -115          1.9591;
   163    1.443            1000             546             -39          1.8272;
   164    1.452            1000             589              50          1.6691;
   165    1.461            1000             637             153          1.4884;
   166    1.470            1000             687             268          1.2869;
   167    1.479            1000             738             392          1.0684;
   168    1.488            1000             789             525          0.8346;
   169    1.496            1000             839             664          0.5910;
   170    1.505            1000             889             806          0.3407;
   171    1.514            1000             937             950          0.0879;
   172    1.523            1000             986            1093         -0.1630;
   173    1.532            1000            1034            1231         -0.4072;
   174    1.541            1000            1080            1365         -0.6422;
   175    1.549            1000            1125            1490         -0.8626;
   176    1.558            1000            1168            1606         -1.0659;
   177    1.567            1000            1209            1710         -1.2491;
   178    1.576            1000            1249            1801         -1.4090;
   179    1.585            1000            1285            1877         -1.5433;
   180    1.594            1000            1316            1938         -1.6502;
   181    1.603            1000            1342            1984         -1.7295;
   182    1.611            1000            1362            2012         -1.7802;
   183    1.620            1000            1376            2025         -1.8016;
   184    1.629            1000            1382            2020         -1.7937;
   185    1.638            1000            1382            1999         -1.7576;
   186    1.647            1000            1375            1963         -1.6941;
   187    1.656            1000            1361            1913         -1.6050;
   188    1.665            1000            1341            1848         -1.4915;
   189    1.673            1000            1315            1771         -1.3565;
   190    1.682            1000            1285            1684         -1.2027;
   191    1.691            1000            1249            1586         -1.0311;
   192    1.700            1000            1210            1481         -0.8468;
   193    1.709            1000            1167            1370         -0.6502;
   194    1.718            1000            1122            1254         -0.4469;
   195    1.727            1000            1074            1136         -0.2393;
   196    1.735            1000            1024            1017         -0.0305;
   197    1.744            1000             972             899          0.1777;
   198    1.753            1000             918             784          0.3803;
   199    1.762            1000             862             672          0.5757;
   200    1.771            1000             806             567          0.7619;
   201    1.780            1000             749             468          0.9353;
   202    1.789            1000             694             377          1.0952;
   203    1.797            1000             640             294          1.2405;
   204    1.806            1000             589             222          1.3681;
   205    1.815            1000             545             159          1.4786;
   206    1.824            1000             506             106          1.5708;
   207    1.833            1000             477              65          1.6441;
   208    1.842            1000             455              34          1.6984;
   209    1.851            1000             443              14          1.7326;
   210    1.859            1000             440               6          1.7473;
   211    1.868            1000             446              10          1.7405;
   212    1.877            1000             461              25          1.7143;
   213    1.886            1000             484              51          1.6685;
   214    1.895            1000             514              88          1.6026;
   215    1.904            1000             551             137          1.5171;
   216    1.913            1000             592             196          1.4139;
   217    1.921            1000             638             265          1.2930;
   218    1.930            1000             686             343          1.1557;
   219    1.939            1000             735             429          1.0031;
   220    1.948            1000             783             524          0.8370;
   221    1.957            1000             830             625          0.6600;
   222    1.966            1000             877             730          0.4737;
   223    1.974            1000             922             839          0.2833;
   224    1.983            1000             965             950          0.0879;
   225    1.992            1000            1006            1061         -0.1068;
   226    2.001            1000            1047            1170         -0.2985;
   227    2.010            1000            1085            1275         -0.4835;
   228    2.019            1000            1121            1375         -0.6587;
   229    2.028            1000            1153            1468         -0.8230;
   230    2.036            1000            1184            1553         -0.9719;
   231    2.045            1000            1212            1627         -1.1032;
   232    2.054            1000            1238            1691         -1.2155;
   233    2.063            1000            1259            1743         -1.3071;
   234    2.072            1000            1277            1783         -1.3767;
   235    2.081            1000            1289            1809         -1.4237;
   236    2.090            1000            1297            1822         -1.4463;
   237    2.098            1000            1298            1822         -1.4457;
   238    2.107            1000            1295            1807         -1.4200;
   239    2.116            1000            1286            1780         -1.3724;
   240    2.125            1000            1273            1741         -1.3028;
   241    2.134            1000            1255            1689         -1.2125;
   242    2.143            1000            1234            1627         -1.1032;
   243    2.152            1000            1209            1555         -0.9768;
   244    2.160            1000            1182            1475         -0.8358;
   245    2.169            1000            1153            1388         -0.6832;
   246    2.178            1000            1121            1296         -0.5208;
   247    2.187            1000            1087            1200         -0.3516;
   248    2.196            1000            1052            1101         -0.1783;
   249    2.205            1000            1014            1002         -0.0043;
   250    2.214            1000             975             904          0.1679;
   251    2.222            1000             934             809          0.3358;
   252    2.231            1000             891             717          0.4969;
   253    2.240            1000             847             631          0.6496;
   254    2.249            1000             803             550          0.7906;
   255    2.258            1000             759             477          0.9188;
   256    2.267            1000             716             411          1.0348;
   257    2.276            1000             674             354          1.1349;
   258    2.284            1000             634             306          1.2204;
   259    2.293            1000             599             266          1.2900;
   260    2.302            1000             569             236          1.3431;
   261    2.311            1000             545             215          1.3810;
   262    2.320            1000             529             202          1.4023;
   263    2.329            1000             520             199          1.4090;
   264    2.338            1000             519             204          1.3993;
   265    2.346            1000             525             218          1.3748;
   266    2.355            1000             539             240          1.3370;
   267    2.364            1000             560             269          1.2845;
   268    2.373            1000             586             307          1.2192;
   269    2.382            1000             617             351          1.1410;
   270    2.391            1000             651             402          1.0507;
   271    2.399            1000             688             460          0.9499;
   272    2.408            1000             726             523          0.8388;
   273    2.417            1000             764             591          0.7186;
   274    2.426            1000             802             664          0.5910;
   275    2.435            1000             839             740          0.4579;
   276    2.444            1000             876             818          0.3199;
   277    2.453            1000             912             897          0.1807;
   278    2.461            1000             947             977          0.0403;
   279    2.470            1000             981            1055         -0.0971;
   280    2.479            1000            1013            1131         -0.2308;
   281    2.488            1000            1043            1204         -0.3596;
   282    2.497            1000            1071            1273         -0.4799;
   283    2.506            1000            1097            1335         -0.5897;
   284    2.515            1000            1120            1392         -0.6893;
   285    2.523            1000            1141            1441         -0.7759;
   286    2.532            1000            1159            1482         -0.8486;
   287    2.541            1000            1174            1515         -0.9054;
   288    2.550            1000            1186            1539         -0.9469;
   289    2.559            1000            1196            1553         -0.9725;
   290    2.568            1000            1203            1558         -0.9823;
   291    2.577            1000            1207            1554         -0.9737;
   292    2.585            1000            1209            1540         -0.9505;
   293    2.594            1000            1207            1518         -0.9115;
   294    2.603            1000            1202            1489         -0.8596;
   295    2.612            1000            1195            1451         -0.7943;
   296    2.621            1000            1184            1408         -0.7179;
   297    2.630            1000            1171            1359         -0.6319;
   298    2.639            1000            1155            1306         -0.5385;
   299    2.647            1000            1136            1250         -0.4389;
   300    2.656            1000            1115            1190         -0.3352;
   301    2.665            1000            1091            1130         -0.2283;
   302    2.674            1000            1064            1069         -0.1209;
   303    2.683            1000            1036            1008         -0.0147;
   304    2.692            1000            1006             949          0.0897;
   305    2.701            1000             974             891          0.1911;
   306    2.709            1000             940             836          0.2875;
   307    2.718            1000             905             785          0.3779;
   308    2.727            1000             869             737          0.4621;
   309    2.736            1000             832             693          0.5397;
   310    2.745            1000             797             653          0.6099;
   311    2.754            1000             762             617          0.6728;
   312    2.763            1000             729             586          0.7283;
   313    2.771            1000             698             558          0.7759;
   314    2.780            1000             670             536          0.8162;
   315    2.789            1000             645             517          0.8492;
   316    2.798            1000             625             501          0.8767;
   317    2.807            1000             610             490          0.8974;
   318    2.816            1000             602             482          0.9115;
   319    2.824            1000             599             477          0.9188;
   320    2.833            1000             602             476          0.9219;
   321    2.842            1000             611             479          0.9164;
   322    2.851            1000             625             486          0.9042;
   323    2.860            1000             642             496          0.8858;
   324    2.869            1000             663             510          0.8602;
   325    2.878            1000             687             529          0.8272;
   326    2.886            1000             713             552          0.7875;
   327    2.895            1000             738             579          0.7405;
   328    2.904            1000             765             610          0.6850;
   329    2.913            1000             790             646          0.6227;
   330    2.922            1000             816             685          0.5537;
   331    2.931            1000             840             727          0.4799;
   332    2.940            1000             864             772          0.3999;
   333    2.948            1000             886             820          0.3162;
   334    2.957            1000             907             869          0.2295;
   335    2.966            1000             926             919          0.1416;
   336    2.975            1000             944             970          0.0531;
   337    2.984            1000             961            1019         -0.0336;
   338    2.993            1000             977            1067         -0.1178;
   339    3.002            1000             990            1112         -0.1972;
   340    3.010            1000            1002            1154         -0.2711;
   341    3.019            1000            1011            1192         -0.3376;
   342    3.028            1000            1019            1225         -0.3956;
   343    3.037            1000            1025            1252         -0.4438;
   344    3.046            1000            1030            1274         -0.4817;
   345    3.055            1000            1032            1288         -0.5073;
   346    3.064            1000            1033            1296         -0.5214;
   347    3.072            1000            1032            1297         -0.5226;
   348    3.081            1000            1030            1291         -0.5122;
   349    3.090            1000            1026            1278         -0.4896;
   350    3.099            1000            1021            1259         -0.4554;
   351    3.108            1000            1015            1234         -0.4109;
   352    3.117            1000            1007            1203         -0.3565;
   353    3.126            1000            1000            1167         -0.2937;
   354    3.134            1000             991            1127         -0.2234;
   355    3.143            1000             981            1084         -0.1484;
   356    3.152            1000             971            1039         -0.0690;
   357    3.161            1000             960             993          0.0122;
   358    3.170            1000             948             946          0.0952;
   359    3.179            1000             936             899          0.1764;
   360    3.188            1000             923             854          0.2558;
   361    3.196            1000             909             812          0.3309;
   362    3.205            1000             893             772          0.4005;
   363    3.214            1000             877             736          0.4646;
   364    3.223            1000             861             704          0.5208;
   365    3.232            1000             844             676          0.5684;
   366    3.241            1000             828             654          0.6087;
   367    3.249            1000             813             637          0.6386;
   368    3.258            1000             798             624          0.6612;
   369    3.267            1000             784             617          0.6740;
   370    3.276            1000             771             614          0.6795;
   371    3.285            1000             760             616          0.6752;
   372    3.294            1000             751             622          0.6642;
   373    3.303            1000             743             632          0.6471;
   374    3.311            1000             738             645          0.6245;
   375    3.320            1000             734             660          0.5971;
   376    3.329            1000             733             678          0.5659;
   377    3.338            1000             735             697          0.5324;
   378    3.347            1000             738             717          0.4976;
   379    3.356            1000             744             738          0.4609;
   380    3.365            1000             752             758          0.4243;
   381    3.373            1000             762             779          0.3883;
   382    3.382            1000             773             799          0.3529;
   383    3.391            1000             785             819          0.3187;
   384    3.400            1000             798             837          0.2857;
   385    3.409            1000             812             855          0.2552;
   386    3.418            1000             826             871          0.2271;
   387    3.427            1000             841             886          0.2009;
   388    3.435            1000             856             899          0.1770;
   389    3.444            1000             872             912          0.1551;
   390    3.453            1000             887             923          0.1355;
   391    3.462            1000             902             933          0.1172;
   392    3.471            1000             917             942          0.1007;
   393    3.480            1000             931             951          0.0861;
   394    3.489            1000             943             959          0.0720;
   395    3.497            1000             954             966          0.0586;
   396    3.506            1000             963             973          0.0464;
   397    3.515            1000             970             980          0.0348;
   398    3.524            1000             975             986          0.0238;
   399    3.533            1000             977             993          0.0128;
   400    3.542            1000             977             998          0.0031;
   401    3.551            1000             975            1003         -0.0049;
   402    3.559            1000             972            1007         -0.0122;
   403    3.568            1000             967            1010         -0.0183;
   404    3.577            1000             960            1012         -0.0214;
   405    3.586            1000             953            1012         -0.0220;
   406    3.595            1000             945            1011         -0.0195;
   407    3.604            1000             937            1008         -0.0147;
   408    3.613            1000             929            1003         -0.0061;
   409    3.621            1000             921             997          0.0049;
   410    3.630            1000             914             988          0.0208;
   411    3.639            1000             907             978          0.0391;
   412    3.648            1000             902             966          0.0598;
   413    3.657            1000             897             952          0.0830;
   414    3.666            1000             894             938          0.1093;
   415    3.674            1000             891             922          0.1361;
   416    3.683            1000             889             906          0.1642;
   417    3.692            1000             889             890          0.1929;
   418    3.701            1000             888             874          0.2210;
   419    3.710            1000             888             859          0.2479;
   420    3.719            1000             888             845          0.2723;
   421    3.728            1000             887             832          0.2943;
   422    3.736            1000             886             822          0.3138;
   423    3.745            1000             885             813          0.3291;
   424    3.754            1000             883             806          0.3413;
   425    3.763            1000             882             802          0.3486;
   426    3.772            1000             880             800          0.3523;
   427    3.781            1000             878             801          0.3498;
   428    3.790            1000             877             803          0.3455;
   429    3.798            1000             875             809          0.3358;
   430    3.807            1000             873             816          0.3236;
   431    3.816            1000             872             825          0.3077;
   432    3.825            1000             871             835          0.2900;
   433    3.834            1000             871             846          0.2698;
   434    3.843            1000             871             858          0.2491;
   435    3.852            1000             871             870          0.2277;
   436    3.860            1000             872             882          0.2063;
   437    3.869            1000             874             894          0.1856;
   438    3.878            1000             877             906          0.1654;
   439    3.887            1000             881             916          0.1471;
   440    3.896            1000             885             926          0.1300;
   441    3.905            1000             890             934          0.1154;
   442    3.914            1000             895             942          0.1026;
   443    3.922            1000             900             947          0.0928;
   444    3.931            1000             906             952          0.0836;
   445    3.940            1000             911             956          0.0775;
   446    3.949            1000             915             958          0.0733;
   447    3.958            1000             919             959          0.0714;
   448    3.967            1000             922             959          0.0708;
   449    3.976            1000             925             958          0.0733;
   450    3.984            1000             926             956          0.0763;
   451    3.993            1000             926             954          0.0812;
   452    4.002            1000             926             950          0.0873;
   453    4.011            1000             924             946          0.0940;
   454    4.020            1000             922             942          0.1013;
   455    4.029            1000             919             938          0.1093;
   456    4.038            1000             916             933          0.1178;
   457    4.046            1000             913             928          0.1270;
   458    4.055            1000             910             922          0.1368;
   459    4.064            1000             907             917          0.1459;
   460    4.073            1000             904             911          0.1557;
   461    4.082            1000             901             906          0.1648;
   462    4.091            1000             899             901          0.1734;
   463    4.099            1000             896             896          0.1825;
   464    4.108            1000             894             891          0.1911;
   465    4.117            1000             893             887          0.1990;
   466    4.126            1000             891             883          0.2057;
   467    4.135            1000             890             879          0.2118;
   468    4.144            1000             889             877          0.2161;
   469    4.153            1000             888             874          0.2210;
   470    4.161            1000             888             873          0.2234;
   471    4.170            1000             887             872          0.2259;
   472    4.179            1000             887             871          0.2265;
   473    4.188            1000             887             872          0.2247;
   474    4.197            1000             887             873          0.2234;
   475    4.206            1000             887             875          0.2204;
   476    4.215            1000             888             877          0.2161;
   477    4.223            1000             889             879          0.2118;
   478    4.232            1000             889             883          0.2063;
   479    4.241            1000             890             886          0.1996;
   480    4.250            1000             891             890          0.1935;
   481    4.259            1000             892             894          0.1868;
   482    4.268            1000             893             898          0.1801;
   483    4.277            1000             894             901          0.1734;
   484    4.285            1000             895             905          0.1667;
   485    4.294            1000             896             908          0.1612;
   486    4.303            1000             897             911          0.1557;
   487    4.312            1000             898             914          0.1502;
   488    4.321            1000             899             917          0.1465;
   489    4.330            1000             899             918          0.1429;
   490    4.339            1000             900             920          0.1410;
   491    4.347            1000             901             921          0.1386;
   492    4.356            1000             901             921          0.1380;
   493    4.365            1000             901             921          0.1380;
   494    4.374            1000             901             920          0.1404;
   495    4.383            1000             901             919          0.1416;
   496    4.392            1000             901             918          0.1441;
   497    4.401            1000             901             916          0.1471;
   498    4.409            1000             900             914          0.1514;
   499    4.418            1000             899             911          0.1557;
   500    4.427            1000             899             909          0.1600;
   501    4.436            1000             898             906          0.1654;
   502    4.445            1000             897             903          0.1697;
   503    4.454            1000             897             901          0.1740;
   504    4.463            1000             896             898          0.1795;
   505    4.471            1000             895             895          0.1838;
   506    4.480            1000             894             893          0.1874;
   507    4.489            1000             894             891          0.1911;
   508    4.498            1000             893             890          0.1941;
   509    4.507            1000             893             888          0.1960;
   510    4.516            1000             893             887          0.1978;
   511    4.524            1000             893             887          0.1990;
   512    4.533            1000             893             887          0.1990;
   513    4.542            1000             893             887          0.1990;
   514    4.551            1000             893             888          0.1966;
   515    4.560            1000             893             889          0.1954;
   516    4.569            1000             894             890          0.1929;
   517    4.578            1000             894             892          0.1905;
   518    4.586            1000             894             894          0.1868;
   519    4.595            1000             895             896          0.1832;
   520    4.604            1000             895             898          0.1795;
   521    4.613            1000             895             900          0.1758;
   522    4.622            1000             896             902          0.1716;
   523    4.631            1000             896             904          0.1679;
   524    4.640            1000             897             906          0.1642;
   525    4.648            1000             897             908          0.1612;
   526    4.657            1000             897             910          0.1581;
   527    4.666            1000             898             911          0.1563;
   528    4.675            1000             898             912          0.1545;
   529    4.684            1000             898             913          0.1532;
   530    4.693            1000             898             913          0.1520;
   531    4.702            1000             898             913          0.1520;
   532    4.710            1000             898             913          0.1520;
   533    4.719            1000             898             912          0.1545;
   534    4.728            1000             898             911          0.1569;
   535    4.737            1000             898             910          0.1587;
   536    4.746            1000             897             908          0.1612;
   537    4.755            1000             897             906          0.1648;
   538    4.764            1000             897             905          0.1673;
   539    4.772            1000             897             903          0.1709;
   540    4.781            1000             896             901          0.1740;
   541    4.790            1000             896             899          0.1777;
   542    4.799            1000             895             898          0.1801;
   543    4.808            1000             895             896          0.1825;
   544    4.817            1000             895             894          0.1856;
   545    4.826            1000             895             894          0.1868;
   546    4.834            1000             894             893          0.1886;
   547    4.843            1000             894             892          0.1899;
   548    4.852            1000             894             892          0.1905;
   549    4.861            1000             894             892          0.1905;
   550    4.870            1000             894             892          0.1905;
   551    4.879            1000             894             893          0.1880;
   552    4.888            1000             894             893          0.1880;
   553    4.896            1000             895             894          0.1856;
   554    4.905            1000             895             896          0.1832;
   555    4.914            1000             895             897          0.1807;
   556    4.923            1000             895             898          0.1783;
   557    4.932            1000             896             900          0.1758;
   558    4.941            1000             896             902          0.1728;
   559    4.949            1000             897             903          0.1703;
   560    4.958            1000             897             905          0.1679;
   561    4.967            1000             897             906          0.1654;
   562    4.976            1000             897             907          0.1636;
   563    4.985            1000             897             908          0.1618;
   564    4.994            1000             897             909          0.1600;
   565    5.003               0             897             909         -1.5995;
   566    5.011               0             887             909         -1.5995;
   567    5.020               0             861             909         -1.5995;
   568    5.029               0             817             907         -1.5958;
   569    5.038               0             759             904         -1.5891;
   570    5.047               0             687             896         -1.5757;
   571    5.056               0             603             883         -1.5531;
   572    5.065               0             509             863         -1.5177;
   573    5.073               0             406             834         -1.4670;
   574    5.082               0             298             795         -1.3980;
   575    5.091               0             187             743         -1.3065;
   576    5.100               0              77             677         -1.1917;
   577    5.109               0             -31             597         -1.0501;
   578    5.118               0            -133             501         -0.8810;
   579    5.127               0            -227             389         -0.6844;
   580    5.135               0            -310             262         -0.4609;
   581    5.144               0            -382             122         -0.2143;
   582    5.153               0            -443             -31          0.0543;
   583    5.162               0            -492            -194          0.3407;
   584    5.171               0            -529            -363          0.6374;
   585    5.180               0            -555            -535          0.9402;
   586    5.189               0            -569            -707          1.2430;
   587    5.197               0            -573            -875          1.5379;
   588    5.206               0            -565           -1034          1.8181;
   589    5.215               0            -550           -1180          2.0751;
   590    5.224               0            -527           -1311          2.3040;
   591    5.233               0            -498           -1421          2.4976;
   592    5.242               0            -463           -1507          2.6490;
   593    5.251               0            -422           -1567          2.7552;
   594    5.259               0            -375           -1601          2.8138;
   595    5.268               0            -324           -1604          2.8205;
   596    5.277               0            -271           -1578          2.7735;
   597    5.286               0            -216           -1521          2.6740;
   598    5.295               0            -163           -1434          2.5208;
   599    5.304               0            -115           -1318          2.3162;
   600    5.313               0             -69           -1174          2.0641;
   601    5.321               0             -25           -1006          1.7686;
   602    5.330               0              18            -817          1.4365;
   603    5.339               0              60            -610          1.0726;
   604    5.348               0             100            -390          0.6856;
   605    5.357               0             139            -162          0.2839;
   606    5.366               0             175              72         -0.1264;
   607    5.374               0             211             304         -0.5354;
   608    5.383               0             245             532         -0.9353;
   609    5.392               0             278             750         -1.3187;
   610    5.401               0             310             954         -1.6777;
   611    5.410               0             339            1140         -2.0055;
   612    5.419               0             364            1306         -2.2967;
   613    5.428               0             385            1447         -2.5452;
   614    5.436               0             399            1563         -2.7479;
   615    5.445               0             407            1650         -2.9011;
   616    5.454               0             407            1707         -3.0018;
   617    5.463               0             399            1734         -3.0495;
   618    5.472               0             384            1730         -3.0415;
   619    5.481               0             363            1694         -2.9792;
   620    5.490               0             336            1628         -2.8632;
   621    5.498               0             306            1533         -2.6960;
   622    5.507               0             273            1410         -2.4792;
   623    5.516               0             239            1262         -2.2198;
   624    5.525               0             204            1093         -1.9219;
   625    5.534               0             166             904         -1.5904;
   626    5.543               0             125             701         -1.2332;
   627    5.552               0              80             487         -0.8565;
   628    5.560               0              33             266         -0.4683;
   629    5.569               0             -18              44         -0.0769;
   630    5.578               0             -69            -178          0.3120;
   631    5.587               0            -123            -392          0.6893;
   632    5.596               0            -178            -598          1.0507;
   633    5.605               0            -233            -790          1.3895;
   634    5.614               0            -287            -967          1.6996;
   635    5.622               0            -338           -1125          1.9780;
   636    5.631               0            -385           -1262          2.2192;
   637    5.640               0            -426           -1377          2.4206;
   638    5.649               0            -460           -1467          2.5794;
   639    5.658               0            -487           -1532          2.6935;
   640    5.667               0            -506           -1571          2.7625;
   641    5.676               0            -518           -1585          2.7875;
   642    5.684               0            -522           -1572          2.7637;
   643    5.693               0            -516           -1534          2.6960;
   644    5.702               0            -503           -1471          2.5855;
   645    5.711               0            -482           -1385          2.4353;
   646    5.720               0            -453           -1278          2.2466;
   647    5.729               0            -416           -1152          2.0250;
   648    5.738               0            -371           -1009          1.7741;
   649    5.746               0            -320            -852          1.4976;
   650    5.755               0            -262            -684          1.2021;
   651    5.764               0            -200            -507          0.8901;
   652    5.773               0            -135            -324          0.5690;
   653    5.782               0             -67            -138          0.2424;
   654    5.791               0               2              48         -0.0842;
   655    5.799               0              73             231         -0.4060;
   656    5.808               0             144             408         -0.7179;
   657    5.817               0             214             578         -1.0159;
   658    5.826               0             281             737         -1.2961;
   659    5.835               0             346             883         -1.5531;
   660    5.844               0             405            1016         -1.7857;
   661    5.853               0             456            1132         -1.9902;
   662    5.861               0             498            1230         -2.1636;
   663    5.870               0             529            1310         -2.3040;
   664    5.879               0             549            1370         -2.4096;
   665    5.888               0             559            1410         -2.4786;
   666    5.897               0             556            1428         -2.5110;
   667    5.906               0             543            1424         -2.5049;
   668    5.915               0             519            1399         -2.4603;
   669    5.923               0             485            1353         -2.3785;
   670    5.932               0             442            1285         -2.2595;
   671    5.941               0             391            1197         -2.1044;
   672    5.950               0             334            1089         -1.9158;
   673    5.959               0             273             964         -1.6954;
   674    5.968               0             209             823         -1.4469;
   675    5.977               0             145             667         -1.1734;
   676    5.985               0              80             500         -0.8797;
   677    5.994               0              13             324         -0.5690;
   678    6.003               0             -52             141         -0.2485;
   679    6.012               0            -115             -45          0.0788;
   680    6.021               0            -177            -231          0.4060;
   681    6.030               0            -235            -415          0.7283;
   682    6.039               0            -290            -592          1.0409;
   683    6.047               0            -341            -761          1.3370;
   684    6.056               0            -385            -918          1.6136;
   685    6.065               0            -423           -1060          1.8639;
   686    6.074               0            -453           -1186          2.0855;
   687    6.083               0            -476           -1293          2.2729;
   688    6.092               0            -491           -1379          2.4237;
   689    6.101               0            -499           -1442          2.5348;
   690    6.109               0            -498           -1482          2.6044;
   691    6.118               0            -491           -1497          2.6306;
   692    6.127               0            -475           -1487          2.6136;
   693    6.136               0            -454           -1452          2.5531;
   694    6.145               0            -425           -1393          2.4493;
   695    6.154               0            -390           -1311          2.3046;
   696    6.163               0            -350           -1206          2.1209;
   697    6.171               0            -304           -1082          1.9017;
   698    6.180               0            -255            -939          1.6508;
   699    6.189               0            -203            -781          1.3724;
   700    6.198               0            -150            -610          1.0714;
   701    6.207               0             -96            -428          0.7527;
   702    6.216               0             -42            -241          0.4231;
   703    6.224               0              13             -50          0.0867;
   704    6.233               0              69             142         -0.2497;
   705    6.242               0             124             330         -0.5800;
   706    6.251               0             179             511         -0.8980;
   707    6.260               0             232             683         -1.2009;
   708    6.269               0             282             842         -1.4811;
   709    6.278               0             330             987         -1.7357;
   710    6.286               0             373            1115         -1.9603;
   711    6.295               0             410            1223         -2.1508;
   712    6.304               0             439            1311         -2.3059;
   713    6.313               0             459            1378         -2.4225;
   714    6.322               0             470            1421         -2.4988;
   715    6.331               0             471            1441         -2.5336;
   716    6.340               0             462            1437         -2.5269;
   717    6.348               0             443            1409         -2.4780;
   718    6.357               0             417            1358         -2.3877;
   719    6.366               0             382            1284         -2.2582;
   720    6.375               0             342            1189         -2.0916;
   721    6.384               0             297            1074         -1.8883;
   722    6.393               0             250             941         -1.6551;
   723    6.402               0             202             792         -1.3932;
   724    6.410               0             151             630         -1.1081;
   725    6.419               0              99             458         -0.8053;
   726    6.428               0              44             278         -0.4890;
   727    6.437               0             -11              95         -0.1667;
   728    6.446               0             -66             -90          0.1581;
   729    6.455               0            -121            -272          0.4780;
   730    6.464               0            -176            -449          0.7894;
   731    6.472               0            -229            -618          1.0855;
   732    6.481               0            -279            -775          1.3614;
   733    6.490               0            -326            -919          1.6148;
   734    6.499               0            -368           -1047          1.8394;
   735    6.508               0            -404           -1156          2.0324;
   736    6.517               0            -434           -1247          2.1917;
   737    6.526               0            -456           -1316          2.3144;
   738    6.534               0            -470           -1364          2.3980;
   739    6.543               0            -477           -1389          2.4426;
   740    6.552               0            -476           -1391          2.4457;
   741    6.561               0            -467           -1370          2.4090;
   742    6.570               0            -452           -1327          2.3327;
   743    6.579               0            -429           -1262          2.2186;
   744    6.588               0            -399           -1177          2.0690;
   745    6.596               0            -363           -1073          1.8864;
   746    6.605               0            -322            -952          1.6740;
   747    6.614               0            -275            -817          1.4359;
   748    6.623               0            -225            -669          1.1758;
   749    6.632               0            -172            -511          0.8974;
   750    6.641               0            -118            -346          0.6074;
   751    6.649               0             -63            -176          0.3095;
   752    6.658               0              -7              -5          0.0092;
   753    6.667               0              51             165         -0.2900;
   754    6.676               0             108             331         -0.5812;
   755    6.685               0             165             490         -0.8614;
   756    6.694               0             219             640         -1.1258;
   757    6.703               0             271             779         -1.3694;
   758    6.711               0             320             904         -1.5897;
   759    6.720               0             365            1014         -1.7839;
   760    6.729               0             403            1108         -1.9481;
   761    6.738               0             433            1183         -2.0806;
   762    6.747               0             454            1240         -2.1795;
   763    6.756               0             466            1276         -2.2436;
   764    6.765               0             467            1292         -2.2723;
   765    6.773               0             459            1288         -2.2643;
   766    6.782               0             442            1262         -2.2198;
   767    6.791               0             416            1217         -2.1398;
   768    6.800               0             383            1152         -2.0256;
   769    6.809               0             343            1068         -1.8785;
   770    6.818               0             300             967         -1.7009;
   771    6.827               0             253             850         -1.4951;
   772    6.835               0             205             719         -1.2650;
   773    6.844               0             155             577         -1.0147;
   774    6.853               0             104             425         -0.7473;
   775    6.862               0              51             266         -0.4670;
   776    6.871               0              -3             103         -0.1807;
   777    6.880               0             -57             -62          0.1087;
   778    6.889               0            -109            -225          0.3950;
   779    6.897               0            -161            -383          0.6734;
   780    6.906               0            -211            -535          0.9408;
   781    6.915               0            -259            -678          1.1917;
   782    6.924               0            -303            -809          1.4231;
   783    6.933               0            -343            -927          1.6294;
   784    6.942               0            -377           -1029          1.8089;
   785    6.951               0            -404           -1114          1.9579;
   786    6.959               0            -424           -1180          2.0745;
   787    6.968               0            -437           -1227          2.1569;
   788    6.977               0            -443           -1254          2.2045;
   789    6.986               0            -440           -1261          2.2161;
   790    6.995               0            -431           -1245          2.1893;
   791    7.004               0            -415           -1210          2.1264;
   792    7.013               0            -393           -1155          2.0299;
   793    7.021               0            -364           -1081          1.8999;
   794    7.030               0            -330            -989          1.7393;
   795    7.039               0            -291            -882          1.5495;
   796    7.048               0            -249            -760          1.3364;
   797    7.057               0            -205            -627          1.1013;
   798    7.066               0            -158            -483          0.8492;
   799    7.074               0            -111            -333          0.5855;
   800    7.083               0             -63            -178          0.3120;
   801    7.092               0             -14             -21          0.0366;
   802    7.101               0              36             135         -0.2381;
   803    7.110               0              86             288         -0.5067;
   804    7.119               0             135             435         -0.7650;
   805    7.128               0             183             574         -1.0085;
   806    7.136               0             228             702         -1.2338;
   807    7.145               0             271             817         -1.4365;
   808    7.154               0             310             918         -1.6148;
   809    7.163               0             346            1004         -1.7650;
   810    7.172               0             375            1073         -1.8858;
   811    7.181               0             399            1123         -1.9750;
   812    7.190               0             414            1156         -2.0324;
   813    7.198               0             420            1170         -2.0568;
   814    7.207               0             418            1164         -2.0476;
   815    7.216               0             408            1140         -2.0055;
   816    7.225               0             390            1098         -1.9310;
   817    7.234               0             365            1039         -1.8260;
   818    7.243               0             335             963         -1.6923;
   819    7.252               0             300             872         -1.5330;
   820    7.260               0             262             767         -1.3480;
   821    7.269               0             222             650         -1.1429;
   822    7.278               0             179             523         -0.9206;
   823    7.287               0             135             389         -0.6844;
   824    7.296               0              88             249         -0.4389;
   825    7.305               0              40             107         -0.1880;
   826    7.314               0             -10             -36          0.0635;
   827    7.322               0             -59            -178          0.3126;
   828    7.331               0            -108            -315          0.5531;
   829    7.340               0            -156            -446          0.7839;
   830    7.349               0            -203            -569          0.9994;
   831    7.358               0            -248            -681          1.1978;
   832    7.367               0            -289            -782          1.3748;
   833    7.376               0            -326            -870          1.5287;
   834    7.384               0            -358            -943          1.6575;
   835    7.393               0            -382           -1001          1.7589;
   836    7.402               0            -400           -1042          1.8321;
   837    7.411               0            -411           -1067          1.8748;
   838    7.420               0            -415           -1075          1.8889;
   839    7.429               0            -410           -1065          1.8718;
   840    7.438               0            -399           -1038          1.8254;
   841    7.446               0            -380            -996          1.7509;
   842    7.455               0            -356            -938          1.6484;
   843    7.464               0            -326            -865          1.5214;
   844    7.473               0            -292            -779          1.3694;
   845    7.482               0            -254            -681          1.1978;
   846    7.491               0            -213            -573          1.0079;
   847    7.499               0            -170            -456          0.8022;
   848    7.508               0            -126            -333          0.5855;
   849    7.517               0             -81            -205          0.3602;
   850    7.526               0             -36             -74          0.1306;
   851    7.535               0              10              56         -0.0989;
   852    7.544               0              56             185         -0.3266;
   853    7.553               0             102             310         -0.5458;
   854    7.561               0             146             429         -0.7552;
   855    7.570               0             188             541         -0.9512;
   856    7.579               0             227             643         -1.1300;
   857    7.588               0             263             734         -1.2906;
   858    7.597               0             295             812         -1.4286;
   859    7.606               0             325             878         -1.5433;
   860    7.615               0             348             928         -1.6325;
   861    7.623               0             365             964         -1.6960;
   862    7.632               0             375             985         -1.7320;
   863    7.641               0             379             990         -1.7418;
   864    7.650               0             375             979         -1.7216;
   865    7.659               0             364             953         -1.6764;
   866    7.668               0             347             913         -1.6050;
   867    7.677               0             325             858         -1.5085;
   868    7.685               0             298             790         -1.3895;
   869    7.694               0             268             710         -1.2491;
   870    7.703               0             235             620         -1.0904;
   871    7.712               0             201             521         -0.9158;
   872    7.721               0             164             414         -0.7277;
   873    7.730               0             125             301         -0.5299;
   874    7.739               0              83             185         -0.3260;
   875    7.747               0              41              68         -0.1190;
   876    7.756               0              -3             -50          0.0879;
   877    7.765               0             -46            -166          0.2912;
   878    7.774               0             -90            -277          0.4866;
   879    7.783               0            -133            -383          0.6722;
   880    7.792               0            -174            -482          0.8468;
   881    7.801               0            -214            -572          1.0049;
   882    7.809               0            -250            -652          1.1459;
   883    7.818               0            -283            -721          1.2680;
   884    7.827               0            -311            -779          1.3687;
   885    7.836               0            -334            -824          1.4481;
   886    7.845               0            -351            -856          1.5043;
   887    7.854               0            -361            -875          1.5372;
   888    7.863               0            -365            -880          1.5458;
   889    7.871               0            -361            -870          1.5299;
   890    7.880               0            -351            -848          1.4915;
   891    7.889               0            -336            -813          1.4298;
   892    7.898               0            -315            -766          1.3462;
   893    7.907               0            -289            -707          1.2424;
   894    7.916               0            -260            -638          1.1209;
   895    7.924               0            -227            -559          0.9823;
   896    7.933               0            -192            -472          0.8291;
   897    7.942               0            -156            -378          0.6642;
   898    7.951               0            -119            -279          0.4902;
   899    7.960               0             -81            -176          0.3095;
   900    7.969               0             -42             -71          0.1252;
   901    7.978               0              -3              34         -0.0592;
   902    7.986               0              36             137         -0.2418;
   903    7.995               0              75             238         -0.4188;
   904    8.004               0             113             334         -0.5873;
   905    8.013               0             149             423         -0.7448;
   906    8.022               0             182             506         -0.8901;
   907    8.031               0             212             580         -1.0195;
   908    8.040               0             239             644         -1.1325;
   909    8.048               0             262             698         -1.2271;
   910    8.057               0             282             740         -1.3004;
   911    8.066               0             298             770         -1.3541;
   912    8.075               0             310             788         -1.3852;
   913    8.084               0             316             793         -1.3956;
   914    8.093               0             317             786         -1.3828;
   915    8.102               0             313             767         -1.3492;
   916    8.110               0             303             737         -1.2961;
   917    8.119               0             290             695         -1.2228;
   918    8.128               0             272             644         -1.1325;
   919    8.137               0             251             583         -1.0256;
   920    8.146               0             228             515         -0.9054;
   921    8.155               0             202             439         -0.7729;
   922    8.164               0             174             358         -0.6300;
   923    8.172               0             142             273         -0.4805;
   924    8.181               0             109             185         -0.3266;
   925    8.190               0              73              96         -0.1697;
   926    8.199               0              37               7         -0.0134;
   927    8.208               0              -1             -80          0.1404;
   928    8.217               0             -39            -165          0.2900;
   929    8.226               0             -77            -246          0.4316;
   930    8.234               0            -114            -321          0.5647;
   931    8.243               0            -150            -391          0.6862;
   932    8.252               0            -183            -454          0.7973;
   933    8.261               0            -214            -509          0.8944;
   934    8.270               0            -242            -555          0.9762;
   935    8.279               0            -265            -594          1.0433;
   936    8.288               0            -284            -623          1.0946;
   937    8.296               0            -298            -643          1.1294;
   938    8.305               0            -306            -653          1.1484;
   939    8.314               0            -307            -654          1.1496;
   940    8.323               0            -304            -646          1.1349;
   941    8.332               0            -295            -628          1.1038;
   942    8.341               0            -281            -602          1.0574;
   943    8.349               0            -263            -567          0.9957;
   944    8.358               0            -241            -524          0.9212;
   945    8.367               0            -216            -474          0.8327;
   946    8.376               0            -189            -417          0.7332;
   947    8.385               0            -160            -355          0.6233;
   948    8.394               0            -130            -287          0.5049;
   949    8.403               0            -100            -216          0.3797;
   950    8.411               0             -69            -142          0.2497;
   951    8.420               0             -38             -66          0.1160;
   952    8.429               0              -7              10         -0.0177;
   953    8.438               0              25              85         -0.1502;
   954    8.447               0              56             159         -0.2796;
   955    8.456               0              85             230         -0.4042;
   956    8.465               0             113             296         -0.5208;
   957    8.473               0             139             358         -0.6294;
   958    8.482               0             162             414         -0.7271;
   959    8.491               0             181             462         -0.8132;
   960    8.500               0             197             504         -0.8858;
   961    8.509               0             210             537         -0.9451;
   962    8.518               0             219             562         -0.9884;
   963    8.527               0             225             577         -1.0159;
   964    8.535               0             227             584         -1.0269;
   965    8.544               0             225             581         -1.0220;
   966    8.553               0             221             569         -1.0000;
   967    8.562               0             213             547         -0.9628;
   968    8.571               0             202             518         -0.9103;
   969    8.580               0             189             480         -0.8449;
   970    8.589               0             173             436         -0.7662;
   971    8.597               0             155             384         -0.6764;
   972    8.606               0             135             328         -0.5769;
   973    8.615               0             113             267         -0.4689;
   974    8.624               0              89             202         -0.3553;
   975    8.633               0              64             135         -0.2381;
   976    8.642               0              39              67         -0.1178;
   977    8.651               0              13              -1          0.0018;
   978    8.659               0             -12             -69          0.1203;
   979    8.668               0             -38            -134          0.2357;
   980    8.677               0             -63            -196          0.3443;
   981    8.686               0             -87            -254          0.4469;
   982    8.695               0            -111            -307          0.5391;
   983    8.704               0            -132            -354          0.6227;
   984    8.713               0            -152            -395          0.6947;
   985    8.721               0            -170            -430          0.7552;
   986    8.730               0            -185            -456          0.8022;
   987    8.739               0            -198            -475          0.8358;
   988    8.748               0            -208            -487          0.8559;
   989    8.757               0            -214            -491          0.8626;
   990    8.766               0            -218            -487          0.8553;
   991    8.774               0            -217            -475          0.8352;
   992    8.783               0            -213            -457          0.8034;
   993    8.792               0            -206            -432          0.7589;
   994    8.801               0            -196            -401          0.7051;
   995    8.810               0            -183            -365          0.6410;
   996    8.819               0            -169            -323          0.5684;
   997    8.828               0            -152            -278          0.4890;
   998    8.836               0            -134            -230          0.4042;
   999    8.845               0            -115            -179          0.3150;
  1000    8.854               0             -95            -127          0.2234;
  1001    8.863               0             -74             -74          0.1300;
  1002    8.872               0             -51             -22          0.0379;
  1003    8.881               0             -28              30         -0.0537;
  1004    8.890               0              -4              80         -0.1416;
  1005    8.898               0              20             128         -0.2253;
  1006    8.907               0              44             173         -0.3040;
  1007    8.916               0              67             214         -0.3761;
  1008    8.925               0              89             251         -0.4414;
  1009    8.934               0             108             284         -0.4988;
  1010    8.943               0             125             311         -0.5476;
  1011    8.952               0             139             334         -0.5879;
  1012    8.960               0             150             352         -0.6190;
  1013    8.969               0             157             364         -0.6398;
  1014    8.978               0             161             370         -0.6514;
  1015    8.987               0             162             371         -0.6526;
  1016    8.996               0             159             367         -0.6447;
  1017    9.005               0             153             357         -0.6276;
  1018    9.014               0             144             341         -0.6001;
  1019    9.022               0             133             321         -0.5641;
  1020    9.031               0             120             295         -0.5195;
  1021    9.040               0             105             266         -0.4676;
  1022    9.049               0              89             232         -0.4090;
  1023    9.058               0              72             195         -0.3437;
  1024    9.067               0              54             156         -0.2741;
  1025    9.076               0              37             114         -0.2002;
  1026    9.084               0              19              70         -0.1233;
  1027    9.093               0               2              26         -0.0452;
  1028    9.102               0             -14             -19          0.0336;
  1029    9.111               0             -29             -63          0.1111;
  1030    9.120               0             -43            -106          0.1868;
  1031    9.129               0             -58            -147          0.2576;
  1032    9.138               0             -70            -185          0.3242;
  1033    9.146               0             -82            -219          0.3840;
  1034    9.155               0             -92            -248          0.4365;
  1035    9.164               0            -100            -274          0.4811;
  1036    9.173               0            -107            -294          0.5165;
  1037    9.182               0            -112            -309          0.5427;
  1038    9.191               0            -116            -318          0.5592;
  1039    9.199               0            -118            -322          0.5647;
  1040    9.208               0            -117            -319          0.5604;
  1041    9.217               0            -116            -311          0.5464;
  1042    9.226               0            -113            -298          0.5232;
  1043    9.235               0            -108            -279          0.4908;
  1044    9.244               0            -102            -256          0.4499;
  1045    9.253               0             -95            -229          0.4023;
  1046    9.261               0             -87            -198          0.3480;
  1047    9.270               0             -78            -164          0.2888;
  1048    9.279               0             -69            -128          0.2253;
  1049    9.288               0             -59             -91          0.1587;
  1050    9.297               0             -49             -52          0.0916;
  1051    9.306               0             -38             -14          0.0238;
  1052    9.315               0             -26              24         -0.0415;
  1053    9.323               0             -14              60         -0.1050;
  1054    9.332               0              -1              94         -0.1654;
  1055    9.341               0              12             125         -0.2210;
  1056    9.350               0              25             154         -0.2705;
  1057    9.359               0              37             178         -0.3138;
  1058    9.368               0              49             199         -0.3498;
  1059    9.377               0              60             216         -0.3797;
  1060    9.385               0              69             229         -0.4023;
  1061    9.394               0              77             237         -0.4170;
  1062    9.403               0              83             241         -0.4243;
  1063    9.412               0              87             241         -0.4249;
  1064    9.421               0              89             236         -0.4158;
  1065    9.430               0              89             228         -0.4017;
  1066    9.439               0              87             216         -0.3810;
  1067    9.447               0              82             201         -0.3547;
  1068    9.456               0              77             183         -0.3223;
  1069    9.465               0              70             163         -0.2863;
  1070    9.474               0              62             140         -0.2466;
  1071    9.483               0              53             116         -0.2039;
  1072    9.492               0              43              90         -0.1581;
  1073    9.501               0              34              63         -0.1111;
  1074    9.509               0              25              36         -0.0641;
  1075    9.518               0              15               9         -0.0165;
  1076    9.527               0               6             -17          0.0305;
  1077    9.536               0              -4             -43          0.0745;
  1078    9.545               0             -13             -67          0.1166;
  1079    9.554               0             -22             -88          0.1551;
  1080    9.563               0             -30            -108          0.1899;
  1081    9.571               0             -38            -126          0.2204;
  1082    9.580               0             -45            -140          0.2454;
  1083    9.589               0             -51            -151          0.2650;
  1084    9.598               0             -57            -159          0.2796;
  1085    9.607               0             -61            -164          0.2888;
  1086    9.616               0             -64            -167          0.2924;
  1087    9.624               0             -66            -165          0.2900;
  1088    9.633               0             -67            -160          0.2814;
  1089    9.642               0             -65            -153          0.2686;
  1090    9.651               0             -63            -143          0.2509;
  1091    9.660               0             -60            -131          0.2289;
  1092    9.669               0             -56            -116          0.2039;
  1093    9.678               0             -51            -100          0.1758;
  1094    9.686               0             -46             -83          0.1447;
  1095    9.695               0             -40             -64          0.1129;
  1096    9.704               0             -34             -45          0.0794;
  1097    9.713               0             -28             -26          0.0446;
  1098    9.722               0             -21              -6          0.0104;
  1099    9.731               0             -14              13         -0.0226;
  1100    9.740               0              -7              31         -0.0543;
  1101    9.748               0               0              48         -0.0849;
  1102    9.757               0               7              64         -0.1123;
  1103    9.766               0              14              78         -0.1380;
  1104    9.775               0              21              91         -0.1593;
  1105    9.784               0              27             101         -0.1789;
  1106    9.793               0              32             110         -0.1935;
  1107    9.802               0              37             116         -0.2045;
  1108    9.810               0              40             120         -0.2118;
  1109    9.819               0              43             122         -0.2155;
  1110    9.828               0              44             122         -0.2155;
  1111    9.837               0              44             120         -0.2106;
  1112    9.846               0              43             115         -0.2027;
  1113    9.855               0              41             109         -0.1917;
  1114    9.864               0              38             101         -0.1777;
  1115    9.872               0              35              91         -0.1606;
  1116    9.881               0              31              80         -0.1416;
  1117    9.890               0              27              68         -0.1203;
  1118    9.899               0              23              56         -0.0983;
  1119    9.908               0              19              42         -0.0745;
  1120    9.917               0              15              29         -0.0507;
  1121    9.926               0              11              15         -0.0263;
  1122    9.934               0               7               2         -0.0031;
  1123    9.943               0               4             -11          0.0195;
  1124    9.952               0               0             -23          0.0403;
  1125    9.961               0              -3             -35          0.0604;
  1126    9.970               0              -7             -44          0.0775;
  1127    9.979               0             -10             -53          0.0928;
  1128    9.988               0             -12             -59          0.1038]
