 Sample   Time     Commanded Pos   Encoder 1 Pos   Encoder 2 Pos   Control Effort

[    0    0.000               0               0               0          0.5000;
     1    0.009               0               2               0          0.5000;
     2    0.018               0               8               0          0.5000;
     3    0.027               0              18               1          0.5000;
     4    0.035               0              31               1          0.5000;
     5    0.044               1              48               3          0.5000;
     6    0.053               3              68               5          0.5000;
     7    0.062               6              90              10          0.5000;
     8    0.071              11             113              16          0.5000;
     9    0.080              19             136              24          0.5000;
    10    0.089              30             159              36          0.5000;
    11    0.097              45             182              50          0.5000;
    12    0.106              62             203              68          0.5000;
    13    0.115              83             223              89          0.5000;
    14    0.124             107             242             114          0.5000;
    15    0.133             134             260             141          0.5000;
    16    0.142             164             277             171          0.5000;
    17    0.151             197             294             204          0.5000;
    18    0.159             231             311             239          0.5000;
    19    0.168             267             329             276          0.5000;
    20    0.177             304             348             314          0.5000;
    21    0.186             342             368             352          0.5000;
    22    0.195             378             391             390          0.5000;
    23    0.204             417             415             428          0.5000;
    24    0.213             455             442             465          0.5000;
    25    0.221             491             471             501          0.5000;
    26    0.230             526             503             536          0.5000;
    27    0.239             560             537             570          0.5000;
    28    0.248             593             574             602          0.5000;
    29    0.257             625             612             634          0.5000;
    30    0.266             654             651             664          0.5000;
    31    0.274             683             692             694          0.5000;
    32    0.283             711             734             723          0.5000;
    33    0.292             739             778             752          0.5000;
    34    0.301             770             821             782          0.5000;
    35    0.310             800             865             812          0.5000;
    36    0.319             831             909             843          0.5000;
    37    0.328             864             953             875          0.5000;
    38    0.336             898             996             910          0.5000;
    39    0.345             934            1038             946          0.5000;
    40    0.354             972            1079             983          0.5000;
    41    0.363            1012            1119            1024          0.5000;
    42    0.372            1055            1158            1066          0.5000;
    43    0.381            1096            1197            1111          0.5000;
    44    0.390            1143            1237            1157          0.5000;
    45    0.398            1191            1277            1205          0.5000;
    46    0.407            1240            1318            1254          0.5000;
    47    0.416            1291            1361            1304          0.5000;
    48    0.425            1343            1404            1356          0.5000;
    49    0.434            1395            1449            1408          0.5000;
    50    0.443            1448            1496            1461          0.5000;
    51    0.452            1501            1545            1515          0.5000;
    52    0.460            1554            1597            1569          0.5000;
    53    0.469            1608            1652            1623          0.5000;
    54    0.478            1663            1710            1677          0.5000;
    55    0.487            1717            1771            1732          0.5000;
    56    0.496            1773            1837            1787          0.5000;
    57    0.505            1829            1905            1844          0.5000;
    58    0.514            1885            1975            1901          0.5000;
    59    0.522            1945            2047            1960          0.5000;
    60    0.531            2005            2122            2020          0.5000;
    61    0.540            2068            2198            2083          0.5000;
    62    0.549            2133            2275            2149          0.5000;
    63    0.558            2201            2354            2217          0.5000;
    64    0.567            2273            2432            2288          0.5000;
    65    0.576            2347            2511            2363          0.5000;
    66    0.584            2424            2588            2441          0.5000;
    67    0.593            2507            2666            2522          0.5000;
    68    0.602            2591            2743            2607          0.5000;
    69    0.611            2679            2819            2694          0.5000;
    70    0.620            2771            2894            2785          0.5000;
    71    0.629            2863            2967            2878          0.5000;
    72    0.638            2957            3041            2972          0.5000;
    73    0.646            3053            3115            3068          0.5000;
    74    0.655            3151            3190            3165          0.5000;
    75    0.664            3247            3266            3262          0.5000;
    76    0.673            3342            3343            3359          0.5000;
    77    0.682            3439            3421            3454          0.5000;
    78    0.691            3535            3502            3548          0.5000;
    79    0.699            3625            3585            3641          0.5000;
    80    0.708            3717            3671            3731          0.5000;
    81    0.717            3807            3759            3819          0.5000;
    82    0.726            3892            3851            3906          0.5000;
    83    0.735            3976            3947            3990          0.5000;
    84    0.744            4059            4046            4073          0.5000;
    85    0.753            4140            4149            4154          0.5000;
    86    0.761            4221            4255            4235          0.5000;
    87    0.770            4303            4364            4316          0.5000;
    88    0.779            4384            4477            4397          0.5000;
    89    0.788            4464            4592            4480          0.5000;
    90    0.797            4553            4709            4566          0.5000;
    91    0.806            4641            4826            4655          0.5000;
    92    0.815            4732            4942            4747          0.5000;
    93    0.823            4831            5058            4844          0.5000;
    94    0.832            4934            5172            4947          0.5000;
    95    0.841            5037            5283            5054          0.5000;
    96    0.850            5155            5391            5167          0.5000;
    97    0.859            5274            5496            5285          0.5000;
    98    0.868            5392            5597            5408          0.5000;
    99    0.877            5524            5695            5535          0.5000;
   100    0.885            5654            5790            5665          0.5000;
   101    0.894            5785            5884            5799          0.5000;
   102    0.903            5924            5977            5934          0.5000;
   103    0.912            6057            6069            6069          0.5000;
   104    0.921            6190            6162            6204          0.5000;
   105    0.930            6326            6257            6336          0.5000;
   106    0.939            6453            6355            6466          0.5000;
   107    0.947            6579            6457            6592          0.5000;
   108    0.956            6705            6563            6714          0.5000;
   109    0.965            6817            6676            6831          0.5000;
   110    0.974            6930            6795            6943          0.5000;
   111    0.983            7042            6920            7050          0.5000;
   112    0.992            7141            7052            7153          0.5000;
   113    1.001            7239            7190            7252          0.5000;
   114    1.009            7340            7334            7349          0.5000;
   115    1.018            7433            7482            7445          0.5000;
   116    1.027            7529            7633            7540          0.5000;
   117    1.036            7627            7786            7638          0.5000;
   118    1.045            7726            7938            7738          0.5000;
   119    1.054            7830            8087            7842          0.5000;
   120    1.063            7944            8233            7952          0.5000;
   121    1.071            8057            8374            8068          0.5000;
   122    1.080            8180            8509            8191          0.5000;
   123    1.089            8314            8638            8321          0.5000;
   124    1.098            8448            8760            8458          0.5000;
   125    1.107            8591            8876            8602          0.5000;
   126    1.116            8748            8987            8752          0.5000;
   127    1.124            8897            9094            8907          0.5000;
   128    1.133            9057            9199            9066          0.5000;
   129    1.142            9221            9303            9227          0.5000;
   130    1.151            9379            9409            9388          0.5000;
   131    1.160            9541            9517            9549          0.5000;
   132    1.169            9704            9631            9708          0.5000;
   133    1.178            9858            9751            9863          0.5000;
   134    1.186           10006            9879           10015          0.5000;
   135    1.195           10159           10014           10161          0.5000;
   136    1.204           10298           10158           10302          0.5000;
   137    1.213           10431           10309           10439          0.5000;
   138    1.222           10566           10468           10570          0.5000;
   139    1.231           10694           10631           10698          0.5000;
   140    1.240           10814           10799           10822          0.5000;
   141    1.248           10939           10970           10945          0.5000;
   142    1.257           11066           11140           11067          0.5000;
   143    1.266           11183           11311           11189          0.5000;
   144    1.275           11307           11479           11314          0.5000;
   145    1.284           11442           11644           11441          0.5000;
   146    1.293           11567           11806           11572          0.5000;
   147    1.302           11704           11963           11708          0.5000;
   148    1.310           11851           12117           11849          0.5000;
   149    1.319           11992           12267           11996          0.5000;
   150    1.328           12145           12415           12148          0.5000;
   151    1.337           12310           12560           12306          0.5000;
   152    1.346           12464           12704           12470          0.5000;
   153    1.355           12641           12847           12638          0.5000;
   154    1.364           12811           12990           12810          0.5000;
   155    1.372           12987           13132           12986          0.5000;
   156    1.381           13170           13273           13164          0.5000;
   157    1.390           13348           13415           13343          0.5000;
   158    1.399           13530           13559           13523          0.5000;
   159    1.408           13710           13702           13703          0.5000;
   160    1.417           13890           13848           13881          0.5000;
   161    1.426           14060           13997           14057          0.5000;
   162    1.434           14243           14149           14230          0.5000;
   163    1.443           14409           14304           14399          0.5000;
   164    1.452           14575           14464           14565          0.5000;
   165    1.461           14743           14628           14727          0.5000;
   166    1.470           14899           14798           14886          0.5000;
   167    1.479           15053           14974           15040          0.5000;
   168    1.488           15206           15155           15192          0.5000;
   169    1.496           15358           15342           15342          0.5000;
   170    1.505           15507           15533           15490          0.5000;
   171    1.514           15654           15728           15638          0.5000;
   172    1.523           15801           15924           15788          0.5000;
   173    1.532           15959           16121           15940          0.5000;
   174    1.541           16115           16315           16095          0.5000;
   175    1.549           16274           16504           16256          0.5000;
   176    1.558           16438           16690           16421          0.5000;
   177    1.567           16614           16869           16592          0.5000;
   178    1.576           16787           17043           16770          0.5000;
   179    1.585           16970           17211           16953          0.5000;
   180    1.594           17167           17376           17142          0.5000;
   181    1.603           17354           17538           17336          0.5000;
   182    1.611           17553           17698           17534          0.5000;
   183    1.620           17757           17860           17736          0.5000;
   184    1.629           17962           18022           17939          0.5000;
   185    1.638           18159           18186           18143          0.5000;
   186    1.647           18370           18354           18346          0.5000;
   187    1.656           18570           18525           18549          0.5000;
   188    1.665           18770           18700           18751          0.5000;
   189    1.673           18970           18878           18949          0.5000;
   190    1.682           19167           19060           19144          0.5000;
   191    1.691           19354           19247           19336          0.5000;
   192    1.700           19548           19436           19524          0.5000;
   193    1.709           19729           19630           19709          0.5000;
   194    1.718           19912           19826           19889          0.5000;
   195    1.727           20090           20027           20067          0.5000;
   196    1.735           20265           20231           20243          0.5000;
   197    1.744           20438           20439           20417          0.5000;
   198    1.753           20614           20652           20591          0.5000;
   199    1.762           20785           20867           20764          0.5000;
   200    1.771           20961           21084           20939          0.5000;
   201    1.780           21139           21301           21117          0.5000;
   202    1.789           21316           21515           21298          0.5000;
   203    1.797           21504           21725           21482          0.5000;
   204    1.806           21691           21931           21671          0.5000;
   205    1.815           21886           22131           21867          0.5000;
   206    1.824           22088           22325           22067          0.5000;
   207    1.833           22292           22514           22272          0.5000;
   208    1.842           22499           22700           22482          0.5000;
   209    1.851           22720           22883           22696          0.5000;
   210    1.859           22932           23065           22914          0.5000;
   211    1.868           23153           23247           23133          0.5000;
   212    1.877           23374           23431           23354          0.5000;
   213    1.886           23595           23618           23576          0.5000;
   214    1.895           23813           23808           23797          0.5000;
   215    1.904           24034           24000           24016          0.5000;
   216    1.913           24254           24196           24233          0.5000;
   217    1.921           24459           24394           24447          0.5000;
   218    1.930           24679           24596           24657          0.5000;
   219    1.939           24882           24800           24864          0.5000;
   220    1.948           25085           25006           25068          0.5000;
   221    1.957           25282           25217           25268          0.5000;
   222    1.966           25486           25431           25465          0.5000;
   223    1.974           25671           25650           25659          0.5000;
   224    1.983           25869           25874           25851          0.5000;
   225    1.992           26056           26101           26042          0.5000;
   226    2.001           26249           26332           26232          0.5000;
   227    2.010           26434           26565           26423          0.5000;
   228    2.019           26632           26797           26616          0.5000;
   229    2.028           26822           27027           26811          0.5000;
   230    2.036           27024           27253           27011          0.5000;
   231    2.045           27226           27474           27214          0.5000;
   232    2.054           27438           27689           27423          0.5000;
   233    2.063           27645           27900           27637          0.5000;
   234    2.072           27875           28105           27855          0.5000;
   235    2.081           28085           28307           28079          0.5000;
   236    2.090           28322           28508           28306          0.5000;
   237    2.098           28546           28709           28537          0.5000;
   238    2.107           28783           28910           28771          0.5000;
   239    2.116           29023           29111           29006          0.5000;
   240    2.125           29250           29314           29243          0.5000;
   241    2.134           29501           29517           29479          0.5000;
   242    2.143           29725           29721           29715          0.5000;
   243    2.152           29964           29927           29950          0.5000;
   244    2.160           30199           30134           30183          0.5000;
   245    2.169           30422           30344           30413          0.5000;
   246    2.178           30661           30557           30639          0.5000;
   247    2.187           30869           30775           30862          0.5000;
   248    2.196           31101           30998           31081          0.5000;
   249    2.205           31311           31226           31296          0.5000;
   250    2.214           31525           31460           31509          0.5000;
   251    2.222           31732           31700           31719          0.5000;
   252    2.231           31947           31943           31927          0.5000;
   253    2.240           32146           32188           32135          0.5000;
   254    2.249           32362           32433           32342          0.5000;
   255    2.258           32570           32676           32551          0.5000;
   256    2.267           32774           32917           32762          0.5000;
   257    2.276           32993           33154           32976          0.5000;
   258    2.284           33213           33389           33194          0.5000;
   259    2.293           33428           33622           33416          0.5000;
   260    2.302           33656           33853           33642          0.5000;
   261    2.311           33895           34082           33873          0.5000;
   262    2.320           34113           34311           34108          0.5000;
   263    2.329           34366           34537           34347          0.5000;
   264    2.338           34608           34761           34590          0.5000;
   265    2.346           34846           34982           34837          0.5000;
   266    2.355           35107           35202           35087          0.5000;
   267    2.364           35351           35419           35339          0.5000;
   268    2.373           35604           35635           35592          0.5000;
   269    2.382           35863           35850           35844          0.5000;
   270    2.391           36107           36067           36096          0.5000;
   271    2.399           36363           36287           36347          0.5000;
   272    2.408           36608           36512           36595          0.5000;
   273    2.417           36851           36743           36839          0.5000;
   274    2.426           37097           36980           37080          0.5000;
   275    2.435           37329           37223           37317          0.5000;
   276    2.444           37565           37470           37550          0.5000;
   277    2.453           37795           37720           37781          0.5000;
   278    2.461           38022           37971           38009          0.5000;
   279    2.470           38247           38224           38235          0.5000;
   280    2.479           38472           38477           38460          0.5000;
   281    2.488           38696           38732           38684          0.5000;
   282    2.497           38917           38986           38907          0.5000;
   283    2.506           39147           39242           39132          0.5000;
   284    2.515           39366           39498           39358          0.5000;
   285    2.523           39597           39755           39586          0.5000;
   286    2.532           39830           40010           39818          0.5000;
   287    2.541           40061           40262           40053          0.5000;
   288    2.550           40306           40510           40293          0.5000;
   289    2.559           40543           40754           40536          0.5000;
   290    2.568           40796           40993           40784          0.5000;
   291    2.577           41045           41228           41036          0.5000;
   292    2.585           41294           41461           41292          0.5000;
   293    2.594           41565           41693           41550          0.5000;
   294    2.603           41813           41925           41811          0.5000;
   295    2.612           42075           42158           42073          0.5000;
   296    2.621           42356           42394           42335          0.5000;
   297    2.630           42591           42631           42597          0.5000;
   298    2.639           42862           42869           42859          0.5000;
   299    2.647           43143           43108           43119          0.5000;
   300    2.656           43365           43350           43378          0.5000;
   301    2.665           43642           43592           43634          0.5000;
   302    2.674           43914           43835           43887          0.5000;
   303    2.683           44118           44081           44137          0.5000;
   304    2.692           44399           44331           44384          0.5000;
   305    2.701           44654           44586           44629          0.5000;
   306    2.709           44849           44845           44871          0.5000;
   307    2.718           45137           45109           45110          0.5000;
   308    2.727           45366           45375           45347          0.5000;
   309    2.736           45569           45643           45585          0.5000;
   310    2.745           45853           45909           45822          0.5000;
   311    2.754           46074           46175           46060          0.5000;
   312    2.763           46297           46439           46300          0.5000;
   313    2.771           46567           46702           46542          0.5000;
   314    2.780           46809           46963           46787          0.5000;
   315    2.789           47036           47223           47035          0.5000;
   316    2.798           47306           47482           47287          0.5000;
   317    2.807           47575           47740           47543          0.5000;
   318    2.816           47799           47997           47803          0.5000;
   319    2.824           48087           48251           48067          0.5000;
   320    2.833           48374           48502           48334          0.5000;
   321    2.842           48597           48748           48604          0.5000;
   322    2.851           48898           48992           48876          0.5000;
   323    2.860           49198           49233           49151          0.5000;
   324    2.869           49413           49474           49427          0.5000;
   325    2.878           49725           49718           49702          0.5000;
   326    2.886           50030           49964           49977          0.5000;
   327    2.895           50235           50215           50250          0.5000;
   328    2.904           50540           50470           50521          0.5000;
   329    2.913           50848           50729           50790          0.5000;
   330    2.922           51041           50991           51055          0.5000;
   331    2.931           51334           51256           51318          0.5000;
   332    2.940           51638           51524           51577          0.5000;
   333    2.948           51822           51794           51834          0.5000;
   334    2.957           52105           52066           52088          0.5000;
   335    2.966           52404           52341           52341          0.5000;
   336    2.975           52579           52619           52592          0.5000;
   337    2.984           52861           52902           52843          0.5000;
   338    2.993           53155           53186           53094          0.5000;
   339    3.002           53333           53471           53346          0.0000;
   340    3.010           53616           53752           53599          0.0000;
   341    3.019           53913           54027           53855          0.0000;
   342    3.028           54102           54294           54114          0.0000;
   343    3.037           54392           54553           54376          0.0000;
   344    3.046           54695           54806           54641          0.0000;
   345    3.055           54898           55053           54909          0.0000;
   346    3.064           55196           55296           55178          0.0000;
   347    3.072           55499           55534           55450          0.0000;
   348    3.081           55710           55770           55722          0.0000;
   349    3.090           56010           56003           55993          0.0000;
   350    3.099           56309           56235           56262          0.0000;
   351    3.108           56517           56464           56529          0.0000;
   352    3.117           56813           56692           56793          0.0000;
   353    3.126           57095           56919           57051          0.0000;
   354    3.134           57291           57147           57305          0.0000;
   355    3.143           57576           57377           57553          0.0000;
   356    3.152           57831           57610           57793          0.0000;
   357    3.161           58016           57847           58027          0.0000;
   358    3.170           58282           58088           58255          0.0000;
   359    3.179           58506           58332           58477          0.0000;
   360    3.188           58690           58578           58693          0.0000;
   361    3.196           58919           58826           58903          0.0000;
   362    3.205           59142           59072           59111          0.0000;
   363    3.214           59307           59317           59315          0.0000;
   364    3.223           59538           59558           59517          0.0000;
   365    3.232           59742           59795           59718          0.0000;
   366    3.241           59918           60028           59920          0.0000;
   367    3.249           60138           60257           60123          0.0000;
   368    3.258           60354           60481           60327          0.0000;
   369    3.267           60526           60701           60534          0.0000;
   370    3.276           60762           60916           60743          0.0000;
   371    3.285           60980           61126           60955          0.0000;
   372    3.294           61167           61331           61171          0.0000;
   373    3.303           61409           61530           61388          0.0000;
   374    3.311           61628           61723           61607          0.0000;
   375    3.320           61831           61910           61829          0.0000;
   376    3.329           62062           62092           62051          0.0000;
   377    3.338           62300           62270           62272          0.0000;
   378    3.347           62488           62445           62492          0.0000;
   379    3.356           62733           62620           62709          0.0000;
   380    3.365           62942           62797           62923          0.0000;
   381    3.373           63136           62974           63131          0.0000;
   382    3.382           63354           63156           63335          0.0000;
   383    3.391           63555           63340           63532          0.0000;
   384    3.400           63729           63528           63723          0.0000;
   385    3.409           63933           63720           63908          0.0000;
   386    3.418           64103           63916           64087          0.0000;
   387    3.427           64274           64114           64260          0.0000;
   388    3.435           64451           64313           64428          0.0000;
   389    3.444           64610           64511           64592          0.0000;
   390    3.453           64765           64709           64753          0.0000;
   391    3.462           64935           64903           64912          0.0000;
   392    3.471           65088           65094           65070          0.0000;
   393    3.480           65237           65282           65227          0.0000;
   394    3.489           65408           65467           65385          0.0000;
   395    3.497           65561           65649           65544          0.0000;
   396    3.506           65712           65827           65705          0.0000;
   397    3.515           65892           66001           65868          0.0000;
   398    3.524           66047           66170           66033          0.0000;
   399    3.533           66211           66335           66201          0.0000;
   400    3.542           66393           66496           66372          0.0000;
   401    3.551           66559           66652           66544          0.0000;
   402    3.559           66729           66803           66719          0.0000;
   403    3.568           66915           66950           66895          0.0000;
   404    3.577           67087           67092           67072          0.0000;
   405    3.586           67256           67232           67248          0.0000;
   406    3.595           67444           67368           67423          0.0000;
   407    3.604           67609           67504           67595          0.0000;
   408    3.613           67775           67638           67764          0.0000;
   409    3.621           67950           67772           67929          0.0000;
   410    3.630           68103           67909           68088          0.0000;
   411    3.639           68252           68047           68243          0.0000;
   412    3.648           68410           68190           68391          0.0000;
   413    3.657           68547           68336           68532          0.0000;
   414    3.666           68676           68486           68668          0.0000;
   415    3.674           68818           68639           68798          0.0000;
   416    3.683           68939           68796           68923          0.0000;
   417    3.692           69053           68954           69044          0.0000;
   418    3.701           69181           69114           69161          0.0000;
   419    3.710           69292           69273           69277          0.0000;
   420    3.719           69399           69430           69391          0.0000;
   421    3.728           69525           69584           69504          0.0000;
   422    3.736           69634           69732           69619          0.0000;
   423    3.745           69745           69874           69737          0.0000;
   424    3.754           69876           70010           69857          0.0000;
   425    3.763           69993           70139           69980          0.0000;
   426    3.772           70113           70260           70106          0.0000;
   427    3.781           70252           70374           70235          0.0000;
   428    3.790           70379           70482           70366          0.0000;
   429    3.798           70505           70584           70499          0.0000;
   430    3.807           70652           70683           70634          0.0000;
   431    3.816           70782           70778           70768          0.0000;
   432    3.825           70908           70871           70902          0.0000;
   433    3.834           71052           70964           71033          0.0000;
   434    3.843           71175           71057           71162          0.0000;
   435    3.852           71293           71151           71286          0.0000;
   436    3.860           71422           71247           71406          0.0000;
   437    3.869           71534           71346           71521          0.0000;
   438    3.878           71636           71448           71629          0.0000;
   439    3.887           71748           71553           71732          0.0000;
   440    3.896           71839           71662           71828          0.0000;
   441    3.905           71928           71773           71919          0.0000;
   442    3.914           72020           71886           72005          0.0000;
   443    3.922           72096           72001           72086          0.0000;
   444    3.931           72173           72115           72164          0.0000;
   445    3.940           72254           72228           72239          0.0000;
   446    3.949           72323           72338           72312          0.0000;
   447    3.958           72394           72446           72385          0.0000;
   448    3.967           72470           72549           72458          0.0000;
   449    3.976           72541           72647           72532          0.0000;
   450    3.984           72616           72739           72607          0.0000;
   451    3.993           72698           72826           72684          0.0000;
   452    4.002           72773           72906           72764          0.0000;
   453    4.011           72854           72980           72846          0.0000;
   454    4.020           72941           73049           72931          0.0000;
   455    4.029           73024           73113           73016          0.0000;
   456    4.038           73112           73173           73103          0.0000;
   457    4.046           73201           73229           73190          0.0000;
   458    4.055           73283           73284           73277          0.0000;
   459    4.064           73369           73337           73363          0.0000;
   460    4.073           73457           73389           73446          0.0000;
   461    4.082           73534           73442           73526          0.0000;
   462    4.091           73610           73496           73603          0.0000;
   463    4.099           73685           73552           73675          0.0000;
   464    4.108           73749           73612           73743          0.0000;
   465    4.117           73813           73673           73806          0.0000;
   466    4.126           73874           73738           73863          0.0000;
   467    4.135           73924           73804           73916          0.0000;
   468    4.144           73972           73874           73965          0.0000;
   469    4.153           74018           73944           74010          0.0000;
   470    4.161           74057           74016           74051          0.0000;
   471    4.170           74095           74088           74090          0.0000;
   472    4.179           74135           74159           74127          0.0000;
   473    4.188           74170           74228           74164          0.0000;
   474    4.197           74208           74296           74201          0.0000;
   475    4.206           74247           74360           74239          0.0000;
   476    4.215           74286           74421           74278          0.0000;
   477    4.223           74328           74477           74320          0.0000;
   478    4.232           74372           74528           74365          0.0000;
   479    4.241           74418           74573           74412          0.0000;
   480    4.250           74467           74614           74462          0.0000;
   481    4.259           74520           74649           74515          0.0000;
   482    4.268           74575           74679           74569          0.0000;
   483    4.277           74632           74704           74625          0.0000;
   484    4.285           74687           74725           74681          0.0000;
   485    4.294           74744           74743           74737          0.0000;
   486    4.303           74797           74759           74792          0.0000;
   487    4.312           74848           74774           74844          0.0000;
   488    4.321           74897           74788           74893          0.0000;
   489    4.330           74942           74803           74937          0.0000;
   490    4.339           74982           74820           74977          0.0000;
   491    4.347           75016           74838           75010          0.0000;
   492    4.356           75044           74859           75038          0.0000;
   493    4.365           75066           74882           75059          0.0000;
   494    4.374           75082           74908           75074          0.0000;
   495    4.383           75091           74935           75083          0.0000;
   496    4.392           75095           74963           75087          0.0000;
   497    4.401           75095           74991           75086          0.0000;
   498    4.409           75092           75019           75082          0.0000;
   499    4.418           75086           75045           75074          0.0000;
   500    4.427           75078           75070           75064          0.0000;
   501    4.436           75069           75092           75053          0.0000;
   502    4.445           75058           75111           75042          0.0000;
   503    4.454           75049           75126           75031          0.0000;
   504    4.463           75040           75136           75023          0.0000;
   505    4.471           75033           75141           75015          0.0000;
   506    4.480           75028           75141           75011          0.0000;
   507    4.489           75026           75135           75008          0.0000;
   508    4.498           75025           75124           75008          0.0000;
   509    4.507           75026           75110           75009          0.0000;
   510    4.516           75027           75091           75012          0.0000;
   511    4.524           75030           75071           75017          0.0000;
   512    4.533           75034           75048           75021          0.0000;
   513    4.542           75036           75025           75024          0.0000;
   514    4.551           75038           75001           75027          0.0000;
   515    4.560           75039           74977           75027          0.0000;
   516    4.569           75038           74954           75025          0.0000;
   517    4.578           75034           74932           75019          0.0000;
   518    4.586           75027           74912           75010          0.0000;
   519    4.595           75016           74894           74998          0.0000;
   520    4.604           75000           74879           74981          0.0000;
   521    4.613           74980           74867           74961          0.0000;
   522    4.622           74957           74857           74937          0.0000;
   523    4.631           74930           74850           74911          0.0000;
   524    4.640           74901           74844           74881          0.0000;
   525    4.648           74870           74840           74850          0.0000;
   526    4.657           74839           74836           74818          0.0000;
   527    4.666           74806           74832           74785          0.0000;
   528    4.675           74775           74827           74752          0.0000;
   529    4.684           74744           74821           74721          0.0000;
   530    4.693           74715           74812           74692          0.0000;
   531    4.702           74688           74802           74665          0.0000;
   532    4.710           74663           74788           74640          0.0000;
   533    4.719           74642           74770           74619          0.0000;
   534    4.728           74624           74750           74601          0.0000;
   535    4.737           74609           74727           74586          0.0000;
   536    4.746           74597           74700           74574          0.0000;
   537    4.755           74587           74671           74564          0.0000;
   538    4.764           74579           74640           74556          0.0000;
   539    4.772           74573           74608           74550          0.0000;
   540    4.781           74567           74576           74544          0.0000;
   541    4.790           74562           74545           74538          0.0000;
   542    4.799           74555           74514           74532          0.0000;
   543    4.808           74548           74486           74524          0.0000;
   544    4.817           74538           74460           74515          0.0000;
   545    4.826           74527           74436           74503          0.0000;
   546    4.834           74512           74416           74489          0.0000;
   547    4.843           74495           74400           74472          0.0000;
   548    4.852           74475           74386           74452          0.0000;
   549    4.861           74454           74376           74430          0.0000;
   550    4.870           74430           74369           74405          0.0000;
   551    4.879           74403           74365           74379          0.0000;
   552    4.888           74377           74362           74351          0.0000;
   553    4.896           74349           74362           74323          0.0000;
   554    4.905           74321           74362           74295          0.0000;
   555    4.914           74294           74362           74268          0.0000;
   556    4.923           74268           74361           74243          0.0000;
   557    4.932           74245           74359           74220          0.0000;
   558    4.941           74225           74356           74200          0.0000;
   559    4.949           74208           74350           74183          0.0000;
   560    4.958           74194           74343           74170          0.0000;
   561    4.967           74185           74333           74161          0.0000;
   562    4.976           74179           74321           74155          0.0000;
   563    4.985           74177           74307           74153          0.0000;
   564    4.994           74177           74292           74154          0.0000;
   565    5.003           74179           74275           74157          0.0000;
   566    5.011           74183           74258           74163          0.0000;
   567    5.020           74189           74241           74171          0.0000;
   568    5.029           74196           74224           74179          0.0000;
   569    5.038           74203           74209           74187          0.0000;
   570    5.047           74211           74195           74194          0.0000;
   571    5.056           74217           74184           74201          0.0000;
   572    5.065           74222           74176           74206          0.0000;
   573    5.073           74225           74170           74208          0.0000;
   574    5.082           74226           74167           74209          0.0000;
   575    5.091           74225           74168           74207          0.0000;
   576    5.100           74222           74171           74204          0.0000;
   577    5.109           74218           74177           74198          0.0000;
   578    5.118           74212           74185           74191          0.0000;
   579    5.127           74204           74194           74182          0.0000;
   580    5.135           74196           74204           74173          0.0000;
   581    5.144           74188           74214           74164          0.0000;
   582    5.153           74179           74224           74155          0.0000;
   583    5.162           74172           74233           74148          0.0000;
   584    5.171           74166           74240           74141          0.0000;
   585    5.180           74161           74246           74137          0.0000;
   586    5.189           74158           74250           74134          0.0000;
   587    5.197           74158           74252           74134          0.0000;
   588    5.206           74159           74251           74136          0.0000;
   589    5.215           74161           74248           74140          0.0000;
   590    5.224           74166           74244           74146          0.0000;
   591    5.233           74172           74239           74153          0.0000;
   592    5.242           74179           74233           74162          0.0000;
   593    5.251           74188           74227           74171          0.0000;
   594    5.259           74197           74221           74181          0.0000;
   595    5.268           74206           74216           74191          0.0000;
   596    5.277           74215           74213           74200          0.0000;
   597    5.286           74223           74211           74208          0.0000;
   598    5.295           74230           74211           74215          0.0000;
   599    5.304           74236           74213           74221          0.0000;
   600    5.313           74241           74216           74225          0.0000;
   601    5.321           74243           74222           74228          0.0000;
   602    5.330           74245           74228           74229          0.0000;
   603    5.339           74245           74236           74230          0.0000;
   604    5.348           74245           74244           74229          0.0000;
   605    5.357           74244           74253           74227          0.0000;
   606    5.366           74242           74261           74225          0.0000;
   607    5.374           74241           74270           74223          0.0000;
   608    5.383           74239           74277           74220          0.0000;
   609    5.392           74238           74283           74219          0.0000;
   610    5.401           74237           74289           74218          0.0000;
   611    5.410           74236           74292           74217          0.0000;
   612    5.419           74237           74295           74218          0.0000;
   613    5.428           74238           74296           74219          0.0000;
   614    5.436           74239           74295           74222          0.0000;
   615    5.445           74242           74294           74225          0.0000;
   616    5.454           74245           74291           74229          0.0000;
   617    5.463           74248           74287           74233          0.0000;
   618    5.472           74253           74284           74238          0.0000;
   619    5.481           74257           74280           74242          0.0000;
   620    5.490           74261           74277           74246          0.0000;
   621    5.498           74265           74274           74250          0.0000;
   622    5.507           74268           74273           74253          0.0000;
   623    5.516           74270           74272           74256          0.0000;
   624    5.525           74272           74272           74257          0.0000;
   625    5.534           74273           74274           74258          0.0000;
   626    5.543           74273           74276           74258          0.0000;
   627    5.552           74273           74279           74257          0.0000;
   628    5.560           74272           74282           74255          0.0000;
   629    5.569           74270           74286           74254          0.0000;
   630    5.578           74269           74289           74251          0.0000;
   631    5.587           74267           74292           74249          0.0000;
   632    5.596           74265           74294           74246          0.0000;
   633    5.605           74263           74296           74244          0.0000;
   634    5.614           74262           74297           74242          0.0000;
   635    5.622           74260           74296           74240          0.0000;
   636    5.631           74259           74296           74239          0.0000;
   637    5.640           74258           74294           74238          0.0000;
   638    5.649           74258           74292           74238          0.0000;
   639    5.658           74258           74289           74238          0.0000;
   640    5.667           74258           74286           74239          0.0000;
   641    5.676           74259           74283           74239          0.0000;
   642    5.684           74259           74280           74240          0.0000;
   643    5.693           74259           74278           74240          0.0000;
   644    5.702           74260           74276           74241          0.0000;
   645    5.711           74260           74275           74241          0.0000;
   646    5.720           74260           74275           74242          0.0000;
   647    5.729           74260           74275           74242          0.0000;
   648    5.738           74260           74275           74241          0.0000;
   649    5.746           74260           74276           74241          0.0000;
   650    5.755           74260           74278           74240          0.0000;
   651    5.764           74259           74280           74240          0.0000;
   652    5.773           74259           74282           74239          0.0000;
   653    5.782           74258           74283           74239          0.0000;
   654    5.791           74258           74285           74238          0.0000;
   655    5.799           74258           74286           74238          0.0000;
   656    5.808           74258           74286           74238          0.0000;
   657    5.817           74258           74286           74238          0.0000;
   658    5.826           74258           74286           74239          0.0000;
   659    5.835           74258           74286           74239          0.0000;
   660    5.844           74259           74284           74240          0.0000;
   661    5.853           74260           74283           74241          0.0000;
   662    5.861           74260           74282           74242          0.0000;
   663    5.870           74261           74282           74243          0.0000;
   664    5.879           74262           74281           74243          0.0000;
   665    5.888           74262           74280           74244          0.0000;
   666    5.897           74262           74280           74245          0.0000;
   667    5.906           74262           74280           74245          0.0000;
   668    5.915           74263           74281           74245          0.0000;
   669    5.923           74263           74282           74245          0.0000;
   670    5.932           74262           74283           74245          0.0000;
   671    5.941           74262           74284           74244          0.0000;
   672    5.950           74262           74284           74244          0.0000;
   673    5.959           74262           74285           74243          0.0000;
   674    5.968           74261           74286           74243          0.0000;
   675    5.977           74261           74286           74242          0.0000;
   676    5.985           74261           74286           74242          0.0000]
